1.00000;0.74635;0.00378;0.01894;0.00006;0.23088
1.00000;0.10010;0.00008;0.80062;0.00000;0.09919
1.00000;0.00892;0.00000;0.00001;0.00000;0.99107
1.00000;0.33613;0.00005;0.06258;0.00000;0.60124
1.00000;0.00009;0.00000;0.99985;0.00000;0.00005
1.00000;0.12320;0.00055;0.57819;0.00001;0.29805
1.00000;0.00000;0.00000;0.00000;1.00000;0.00000
1.00000;0.37531;0.00004;0.37393;0.00000;0.25071
1.00000;0.00045;0.00000;0.00039;0.00000;0.99916
1.00000;0.14627;0.00267;0.57870;0.00003;0.27233
1.00000;0.00000;0.00000;0.00000;1.00000;0.00000
1.00000;0.01628;0.00000;0.97367;0.00000;0.01005
1.00000;0.99998;0.00000;0.00000;0.00000;0.00002
1.00000;0.00000;0.00000;0.00000;1.00000;0.00000
1.00000;0.09092;0.90148;0.00000;0.00760;0.00000
1.00000;0.00130;0.99869;0.00000;0.00001;0.00000
1.00000;0.00000;0.00000;1.00000;0.00000;0.00000
1.00000;0.26015;0.01239;0.54322;0.01778;0.16646
1.00000;0.00000;0.00000;0.00000;1.00000;0.00000
1.00000;0.05877;0.00010;0.90788;0.00000;0.03325
1.00000;0.99998;0.00001;0.00000;0.00000;0.00001
1.00000;0.00525;0.00079;0.00000;0.99396;0.00000
1.00000;0.00000;0.00000;0.00000;1.00000;0.00000
1.00000;0.00000;0.00000;0.00000;1.00000;0.00000
1.00000;0.08287;0.91664;0.00005;0.00035;0.00008
1.00000;0.99999;0.00001;0.00000;0.00000;0.00001
1.00000;0.00000;0.00000;0.00000;1.00000;0.00000
1.00000;0.29972;0.00003;0.26432;0.00018;0.43576
1.00000;0.00000;0.00000;0.00000;1.00000;0.00000
1.00000;0.33323;0.00005;0.43934;0.00000;0.22737
1.00000;0.00008;0.99711;0.00246;0.00035;0.00000
1.00000;0.00344;0.00016;0.00000;0.99639;0.00000
1.00000;0.99962;0.00038;0.00000;0.00000;0.00000
1.00000;0.06313;0.23176;0.62272;0.00469;0.07771
1.00000;0.68615;0.30523;0.00001;0.00861;0.00000
1.00000;0.00000;0.00000;1.00000;0.00000;0.00000
1.00000;0.00002;0.00026;0.99972;0.00000;0.00001
1.00000;0.88173;0.00083;0.01109;0.00000;0.10635
1.00000;0.42908;0.00000;0.00006;0.00000;0.57086
1.00000;0.00000;0.00000;0.00000;1.00000;0.00000
1.00000;0.00443;0.00001;0.99177;0.00012;0.00367
1.00000;0.22490;0.00028;0.51793;0.02055;0.23634
1.00000;0.00140;0.00001;0.99614;0.00000;0.00245
1.00000;0.36205;0.00002;0.13989;0.00001;0.49803
1.00000;0.00000;0.00000;0.00057;0.99943;0.00000
1.00000;0.48318;0.51623;0.00000;0.00059;0.00000
1.00000;0.00001;0.00000;0.99995;0.00000;0.00003
1.00000;0.06487;0.00042;0.52454;0.00006;0.41010
1.00000;0.04654;0.00004;0.20462;0.61546;0.13334
1.00000;0.13907;0.00003;0.71297;0.00008;0.14784
1.00000;0.00005;0.00000;0.99987;0.00000;0.00008
1.00000;0.00000;0.00000;1.00000;0.00000;0.00000
1.00000;0.22324;0.14646;0.48834;0.00344;0.13852
1.00000;0.23113;0.05948;0.48397;0.02146;0.20396
1.00000;0.07868;0.91837;0.00000;0.00295;0.00000
1.00000;0.99999;0.00000;0.00000;0.00000;0.00001
1.00000;0.00000;0.00000;0.00000;1.00000;0.00000
1.00000;0.17382;0.00045;0.63195;0.00001;0.19378
1.00000;0.01527;0.00000;0.00000;0.00000;0.98473
1.00000;0.00000;0.00000;0.00000;1.00000;0.00000
1.00000;0.22610;0.00018;0.41559;0.00000;0.35814
1.00000;0.08174;0.00004;0.01233;0.00000;0.90590
1.00000;0.00000;0.00000;0.00000;1.00000;0.00000
1.00000;0.92002;0.00023;0.00021;0.00000;0.07954
1.00000;0.28885;0.04891;0.45745;0.01092;0.19387
1.00000;0.23324;0.00432;0.55928;0.00130;0.20185
1.00000;0.00000;0.00000;0.00000;1.00000;0.00000
1.00000;0.99951;0.00000;0.00000;0.00000;0.00049
1.00000;0.01103;0.00001;0.97338;0.00027;0.01531
1.00000;0.00001;0.00000;0.99997;0.00000;0.00001
1.00000;0.19640;0.01059;0.56714;0.10869;0.11719
1.00000;0.00029;0.00000;0.00014;0.00000;0.99957
1.00000;0.03380;0.96293;0.00000;0.00327;0.00000
1.00000;0.00001;0.00000;0.99998;0.00000;0.00001
1.00000;0.15699;0.00004;0.06821;0.00000;0.77475
1.00000;0.00000;0.00000;0.99999;0.00000;0.00000
1.00000;0.00024;0.72729;0.27221;0.00024;0.00002
1.00000;0.00000;0.00000;0.00000;1.00000;0.00000
1.00000;0.99996;0.00002;0.00000;0.00000;0.00002
1.00000;0.00977;0.00001;0.97594;0.00000;0.01428
1.00000;0.30647;0.00009;0.40074;0.00003;0.29267
1.00000;0.05968;0.00031;0.29618;0.45467;0.18916
1.00000;0.88180;0.10011;0.00156;0.01500;0.00153
1.00000;0.28731;0.01466;0.52881;0.00861;0.16061
1.00000;0.00907;0.00000;0.00001;0.00000;0.99093
1.00000;0.99997;0.00002;0.00000;0.00000;0.00000
1.00000;0.00000;0.00000;0.00000;1.00000;0.00000
1.00000;0.00001;0.00000;0.00000;0.00000;0.99999
1.00000;0.01101;0.98899;0.00000;0.00000;0.00000
1.00000;0.32392;0.00265;0.38643;0.00058;0.28643
1.00000;0.00000;0.00000;0.00000;1.00000;0.00000
1.00000;0.00016;0.98917;0.01015;0.00051;0.00001
1.00000;0.00000;0.00000;0.00000;1.00000;0.00000
1.00000;0.29930;0.00001;0.27906;0.00005;0.42158
1.00000;0.13750;0.00005;0.12264;0.00000;0.73981
1.00000;0.13309;0.00367;0.71291;0.02319;0.12714
1.00000;0.00000;0.00000;0.00000;1.00000;0.00000
1.00000;0.00000;0.00000;0.00000;1.00000;0.00000
1.00000;0.20829;0.79169;0.00000;0.00002;0.00000
1.00000;0.00000;0.00000;0.00000;1.00000;0.00000
1.00000;0.34378;0.65597;0.00000;0.00024;0.00000
1.00000;0.99862;0.00137;0.00000;0.00000;0.00000
1.00000;0.00000;0.00000;0.00000;1.00000;0.00000
1.00000;0.03481;0.00000;0.00040;0.00000;0.96479
1.00000;0.04571;0.95387;0.00000;0.00042;0.00000
1.00000;0.00015;0.99985;0.00000;0.00000;0.00000
1.00000;0.13541;0.01346;0.08779;0.00007;0.76328
1.00000;0.25440;0.73802;0.00003;0.00750;0.00006
1.00000;0.00002;0.00000;0.99996;0.00000;0.00002
1.00000;0.14466;0.00002;0.04508;0.00001;0.81023
1.00000;0.07820;0.00000;0.00001;0.00000;0.92179
1.00000;0.00000;0.00000;0.00000;1.00000;0.00000
1.00000;0.00002;0.00000;0.99998;0.00000;0.00000
1.00000;0.00000;0.00000;0.99999;0.00000;0.00001
1.00000;0.22842;0.00010;0.00059;0.00000;0.77089
1.00000;0.00220;0.00003;0.99671;0.00000;0.00106
1.00000;0.00087;0.99911;0.00000;0.00002;0.00000
1.00000;0.00000;0.00000;1.00000;0.00000;0.00000
1.00000;0.00000;0.00000;0.00000;1.00000;0.00000
1.00000;0.00413;0.99586;0.00000;0.00001;0.00000
1.00000;0.66712;0.33195;0.00014;0.00072;0.00007
1.00000;0.00000;0.00000;0.00000;1.00000;0.00000
1.00000;0.00024;0.00000;0.99945;0.00000;0.00030
1.00000;0.00001;0.00000;0.99998;0.00000;0.00001
1.00000;0.00398;0.74849;0.24625;0.00075;0.00053
1.00000;0.02885;0.00000;0.00014;0.00000;0.97101
1.00000;0.25832;0.74063;0.00003;0.00103;0.00000
1.00000;0.99321;0.00677;0.00000;0.00002;0.00000
1.00000;0.00001;0.00000;0.00000;0.00000;0.99998
1.00000;0.12886;0.00003;0.68359;0.00002;0.18751
1.00000;0.00344;0.99608;0.00000;0.00047;0.00000
1.00000;0.00000;0.00000;0.00000;1.00000;0.00000
1.00000;0.01822;0.98177;0.00000;0.00001;0.00000
1.00000;0.00245;0.00000;0.00000;0.00000;0.99755
1.00000;1.00000;0.00000;0.00000;0.00000;0.00000
1.00000;0.00754;0.99085;0.00000;0.00161;0.00000
1.00000;0.00555;0.99444;0.00000;0.00001;0.00000
1.00000;0.00022;0.99978;0.00000;0.00000;0.00000
1.00000;0.99996;0.00000;0.00001;0.00002;0.00000
1.00000;0.00185;0.00014;0.01542;0.97960;0.00300
1.00000;0.00872;0.00000;0.98539;0.00000;0.00589
1.00000;0.99998;0.00000;0.00000;0.00000;0.00001
1.00000;0.00196;0.00000;0.00000;0.00000;0.99804
1.00000;0.22022;0.00838;0.58863;0.00075;0.18202
1.00000;0.00018;0.00000;0.00003;0.00000;0.99979
1.00000;0.04538;0.00003;0.93362;0.00001;0.02096
1.00000;0.27172;0.00106;0.30662;0.00008;0.42052
1.00000;0.00133;0.00000;0.00001;0.00000;0.99866
1.00000;0.07491;0.92373;0.00000;0.00136;0.00000
1.00000;0.00000;0.00000;0.00000;1.00000;0.00000
1.00000;0.08331;0.00004;0.00055;0.00001;0.91610
1.00000;0.99498;0.00000;0.00003;0.00000;0.00499
1.00000;0.00000;0.00000;1.00000;0.00000;0.00000
1.00000;0.00025;0.00000;0.00001;0.00000;0.99973
1.00000;0.04794;0.94063;0.00001;0.01142;0.00000
1.00000;0.99787;0.00212;0.00000;0.00000;0.00000
1.00000;0.01734;0.00000;0.00016;0.00000;0.98251
1.00000;0.26003;0.00004;0.58696;0.00000;0.15298
1.00000;0.38674;0.39118;0.05262;0.10256;0.06690
1.00000;0.99737;0.00005;0.00002;0.00000;0.00256
1.00000;0.00000;0.00000;0.00000;1.00000;0.00000
1.00000;0.98966;0.00000;0.00001;0.00000;0.01033
1.00000;0.99235;0.00000;0.00000;0.00000;0.00765
1.00000;0.03127;0.00007;0.05032;0.00001;0.91833
1.00000;0.55834;0.00006;0.18373;0.00000;0.25787
1.00000;0.00011;0.99583;0.00335;0.00071;0.00000
1.00000;0.03351;0.00000;0.02342;0.00000;0.94306
1.00000;0.00000;0.00000;0.00000;1.00000;0.00000
1.00000;0.00002;0.00001;0.99997;0.00000;0.00001
1.00000;0.17004;0.00002;0.65466;0.00000;0.17528
1.00000;0.05385;0.94391;0.00000;0.00224;0.00000
1.00000;0.00000;0.00000;0.00000;1.00000;0.00000
1.00000;0.09823;0.90133;0.00000;0.00044;0.00000
1.00000;0.38522;0.00168;0.50161;0.00001;0.11147
1.00000;0.03813;0.96187;0.00000;0.00001;0.00000
1.00000;0.00000;0.00000;0.00005;0.99995;0.00000
1.00000;0.04540;0.00000;0.00006;0.00000;0.95454
1.00000;0.00000;0.00000;1.00000;0.00000;0.00000
1.00000;0.00045;0.99955;0.00000;0.00000;0.00000
1.00000;0.99991;0.00006;0.00001;0.00000;0.00002
1.00000;0.00139;0.00000;0.00001;0.00000;0.99860
1.00000;0.00000;0.00000;0.00000;1.00000;0.00000
1.00000;0.00000;0.00000;0.00000;1.00000;0.00000
1.00000;0.32071;0.00009;0.46603;0.00000;0.21317
1.00000;0.42292;0.56371;0.00002;0.01335;0.00000
1.00000;0.00000;0.00000;0.00000;1.00000;0.00000
1.00000;0.00277;0.99718;0.00000;0.00006;0.00000
1.00000;0.22962;0.00040;0.20064;0.00012;0.56922
1.00000;0.00000;0.00000;0.00000;1.00000;0.00000
1.00000;0.00000;0.00000;0.99999;0.00000;0.00001
1.00000;0.00141;0.00001;0.99272;0.00010;0.00576
1.00000;0.47025;0.52944;0.00000;0.00031;0.00000
1.00000;0.02496;0.97342;0.00000;0.00161;0.00000
1.00000;0.01422;0.98560;0.00000;0.00018;0.00000
1.00000;0.00003;0.99996;0.00000;0.00001;0.00000
1.00000;0.39904;0.08693;0.32337;0.00128;0.18937
1.00000;0.00001;0.00000;0.00000;0.00000;0.99999
1.00000;0.41502;0.00003;0.28642;0.00000;0.29853
1.00000;0.25096;0.00012;0.46863;0.00001;0.28029
1.00000;0.43650;0.02548;0.27825;0.00392;0.25585
1.00000;0.00005;0.00000;0.99991;0.00000;0.00004
1.00000;0.02138;0.00001;0.00027;0.00000;0.97835
1.00000;0.00010;0.15228;0.84747;0.00005;0.00009
1.00000;0.00000;0.00000;0.00000;1.00000;0.00000
1.00000;0.99999;0.00000;0.00000;0.00000;0.00000
1.00000;0.00370;0.99629;0.00000;0.00001;0.00000
1.00000;0.00000;0.00000;0.00000;1.00000;0.00000
1.00000;0.34641;0.09195;0.30298;0.07167;0.18699
1.00000;0.00000;0.00000;0.00000;1.00000;0.00000
1.00000;0.28975;0.03802;0.54047;0.00254;0.12921
1.00000;0.00000;0.00000;0.00000;1.00000;0.00000
1.00000;0.00000;0.00000;0.00000;1.00000;0.00000
1.00000;0.95857;0.00009;0.01880;0.00000;0.02254
1.00000;0.00001;0.00000;0.00000;0.00000;0.99999
1.00000;0.06497;0.93333;0.00002;0.00168;0.00000
1.00000;0.99996;0.00000;0.00000;0.00000;0.00004
1.00000;0.72196;0.27771;0.00000;0.00033;0.00000
1.00000;0.16405;0.04129;0.63553;0.00832;0.15081
1.00000;0.49981;0.00001;0.19138;0.00001;0.30879
1.00000;1.00000;0.00000;0.00000;0.00000;0.00000
1.00000;0.00428;0.99571;0.00000;0.00000;0.00000
1.00000;0.26005;0.00002;0.44817;0.00000;0.29176
1.00000;0.13023;0.00002;0.15679;0.00000;0.71296
1.00000;0.00103;0.00003;0.03658;0.96115;0.00122
1.00000;0.02281;0.00000;0.00000;0.00000;0.97718
1.00000;0.00480;0.00000;0.00224;0.00000;0.99295
1.00000;0.12762;0.87062;0.00000;0.00176;0.00000
1.00000;0.21618;0.00178;0.53631;0.01854;0.22720
1.00000;0.14921;0.00011;0.68365;0.00000;0.16702
1.00000;0.00000;0.00000;0.99999;0.00000;0.00000
1.00000;0.00008;0.99857;0.00104;0.00030;0.00000
1.00000;0.00003;0.00000;0.00112;0.99881;0.00003
1.00000;0.43086;0.00014;0.30229;0.00000;0.26672
1.00000;0.34431;0.00021;0.14836;0.00002;0.50710
1.00000;0.02059;0.97713;0.00000;0.00228;0.00000
1.00000;0.10361;0.00039;0.81293;0.00280;0.08026
1.00000;0.28905;0.00001;0.23021;0.00002;0.48070
1.00000;0.00000;0.00000;0.00000;1.00000;0.00000
1.00000;0.44217;0.00017;0.23204;0.00000;0.32562
1.00000;0.87234;0.00294;0.03135;0.00000;0.09337
1.00000;0.00001;0.00000;0.00000;0.00000;0.99999
1.00000;0.00350;0.00004;0.99361;0.00001;0.00284
1.00000;0.00000;0.00000;0.00000;1.00000;0.00000
1.00000;0.00020;0.00000;0.99965;0.00000;0.00015
1.00000;0.99936;0.00001;0.00001;0.00000;0.00062
1.00000;0.00000;0.00000;0.99963;0.00037;0.00000
1.00000;0.95733;0.03875;0.00129;0.00085;0.00177
1.00000;0.00307;0.99689;0.00000;0.00004;0.00000
1.00000;0.00002;0.00000;0.99995;0.00000;0.00003
1.00000;0.00000;0.00000;0.00000;1.00000;0.00000
1.00000;1.00000;0.00000;0.00000;0.00000;0.00000
1.00000;0.00020;0.00000;0.00000;0.00000;0.99980
1.00000;0.00000;0.00000;0.00000;1.00000;0.00000
1.00000;0.19157;0.00009;0.14160;0.00001;0.66673
1.00000;0.00017;0.00000;0.00000;0.00000;0.99983
1.00000;0.00003;0.00002;0.99986;0.00000;0.00009
1.00000;0.99777;0.00221;0.00000;0.00001;0.00000
1.00000;0.30147;0.00002;0.14918;0.00001;0.54932
1.00000;0.01088;0.00000;0.00000;0.00000;0.98911
1.00000;0.00000;0.00000;0.00000;1.00000;0.00000
1.00000;0.00000;0.00000;0.00000;1.00000;0.00000
1.00000;0.06761;0.92792;0.00000;0.00446;0.00000
1.00000;0.00000;0.00000;0.00014;0.99986;0.00000
1.00000;0.13167;0.00062;0.68813;0.00002;0.17956
1.00000;0.01462;0.98537;0.00000;0.00001;0.00000
1.00000;0.00000;0.00000;0.00000;1.00000;0.00000
1.00000;0.00000;0.00000;0.00000;1.00000;0.00000
1.00000;0.00000;0.00000;0.00000;1.00000;0.00000
1.00000;0.34610;0.00001;0.45541;0.00000;0.19847
1.00000;0.10817;0.00001;0.04947;0.00001;0.84233
1.00000;0.06083;0.00009;0.82787;0.00001;0.11120
1.00000;0.20133;0.00005;0.56741;0.00000;0.23121
1.00000;0.00009;0.97918;0.01986;0.00086;0.00001
1.00000;0.33617;0.00009;0.33008;0.00008;0.33358
1.00000;0.97887;0.00038;0.00418;0.00000;0.01657
1.00000;0.00084;0.99916;0.00000;0.00000;0.00000
1.00000;0.09972;0.00598;0.79770;0.00111;0.09549
1.00000;0.04392;0.00001;0.07972;0.00000;0.87635
1.00000;0.00017;0.00000;0.00001;0.00000;0.99982
1.00000;0.00000;0.00000;0.00000;1.00000;0.00000
1.00000;0.75272;0.24063;0.00003;0.00662;0.00000
1.00000;0.23366;0.04934;0.49624;0.03007;0.19069
1.00000;0.00000;0.00000;0.00001;0.99999;0.00000
1.00000;0.12245;0.00000;0.00003;0.00000;0.87752
1.00000;0.99989;0.00003;0.00000;0.00000;0.00008
1.00000;0.00495;0.00000;0.00000;0.00000;0.99505
1.00000;0.39981;0.36158;0.06376;0.00162;0.17323
1.00000;0.32611;0.03713;0.43244;0.00039;0.20393
1.00000;0.00003;0.00000;0.99990;0.00000;0.00006
1.00000;0.00052;0.00000;0.00000;0.00000;0.99948
1.00000;0.41036;0.00005;0.26889;0.00001;0.32069
1.00000;0.00000;0.00000;0.00000;1.00000;0.00000
1.00000;0.08541;0.00003;0.69415;0.00000;0.22041
1.00000;0.01314;0.00119;0.30849;0.67286;0.00432
1.00000;0.00031;0.00000;0.00091;0.00000;0.99878
1.00000;0.33245;0.00003;0.28058;0.00012;0.38682
1.00000;0.00002;0.00000;0.99996;0.00000;0.00002
1.00000;1.00000;0.00000;0.00000;0.00000;0.00000
1.00000;0.60986;0.37404;0.00006;0.01602;0.00002
1.00000;0.00010;0.99555;0.00388;0.00047;0.00000
1.00000;0.18244;0.00469;0.67338;0.00121;0.13827
1.00000;0.00000;0.00000;0.00000;1.00000;0.00000
1.00000;0.35561;0.00004;0.37504;0.00000;0.26931
1.00000;0.99998;0.00000;0.00000;0.00000;0.00002
1.00000;0.00000;0.00000;0.00000;1.00000;0.00000
1.00000;0.00000;0.00000;0.00000;1.00000;0.00000
1.00000;0.62753;0.03082;0.11124;0.00017;0.23025
1.00000;0.00000;0.00000;0.99999;0.00000;0.00000
1.00000;0.33556;0.00021;0.36230;0.00000;0.30193
1.00000;0.91767;0.00308;0.04202;0.00237;0.03486
1.00000;0.00001;0.00000;0.99999;0.00000;0.00000
1.00000;0.37717;0.04227;0.39938;0.00832;0.17287
1.00000;0.03706;0.00000;0.00002;0.00000;0.96292
1.00000;0.00000;0.00000;0.00000;1.00000;0.00000
1.00000;0.00035;0.95945;0.03938;0.00080;0.00002
1.00000;0.19081;0.00006;0.16387;0.00002;0.64525
1.00000;0.24715;0.00100;0.51498;0.02083;0.21603
1.00000;0.05758;0.93915;0.00000;0.00327;0.00000
1.00000;0.53066;0.00000;0.00076;0.00000;0.46859
1.00000;0.01604;0.98391;0.00000;0.00005;0.00000
1.00000;0.06122;0.00003;0.00015;0.00000;0.93860
1.00000;0.37421;0.61247;0.00037;0.01232;0.00062
1.00000;0.00053;0.99942;0.00000;0.00004;0.00000
1.00000;0.00008;0.00000;0.00003;0.00000;0.99989
1.00000;0.00000;0.00000;0.00000;1.00000;0.00000
1.00000;0.00328;0.00000;0.00001;0.00000;0.99671
1.00000;0.03274;0.00006;0.88221;0.00003;0.08495
1.00000;0.00000;0.00000;0.00000;1.00000;0.00000
1.00000;0.99993;0.00000;0.00000;0.00000;0.00007
1.00000;0.00000;0.00000;0.00000;1.00000;0.00000
1.00000;0.09256;0.00003;0.59190;0.00000;0.31551
1.00000;0.00002;0.00000;0.99996;0.00000;0.00002
1.00000;0.00018;0.00001;0.02315;0.97659;0.00007
1.00000;0.00035;0.87308;0.12602;0.00053;0.00002
1.00000;0.38683;0.15721;0.16926;0.00015;0.28656
1.00000;0.09514;0.00003;0.02673;0.00000;0.87810
1.00000;0.00034;0.00000;0.00017;0.00000;0.99948
1.00000;1.00000;0.00000;0.00000;0.00000;0.00000
1.00000;0.32470;0.00165;0.49277;0.00118;0.17970
1.00000;0.99975;0.00000;0.00000;0.00000;0.00025
1.00000;0.00000;0.00000;0.00000;1.00000;0.00000
1.00000;0.99987;0.00000;0.00000;0.00000;0.00012
1.00000;0.00000;0.00000;0.00000;1.00000;0.00000
1.00000;0.27561;0.15528;0.30759;0.09019;0.17133
1.00000;0.00007;0.00000;0.00003;0.00000;0.99990
1.00000;0.12797;0.00005;0.82243;0.00000;0.04955
1.00000;0.42595;0.00007;0.32809;0.00000;0.24589
1.00000;0.01752;0.98235;0.00000;0.00014;0.00000
1.00000;0.00000;0.00000;0.00000;1.00000;0.00000
1.00000;0.99984;0.00005;0.00007;0.00000;0.00005
1.00000;0.00015;0.00000;0.99975;0.00000;0.00011
1.00000;0.99989;0.00004;0.00007;0.00000;0.00000
1.00000;0.10592;0.89235;0.00003;0.00149;0.00020
1.00000;0.00081;0.00002;0.99749;0.00000;0.00168
1.00000;0.06821;0.93148;0.00000;0.00031;0.00000
1.00000;0.00418;0.00000;0.99268;0.00000;0.00314
1.00000;0.28276;0.00004;0.29374;0.00001;0.42345
1.00000;0.19265;0.80671;0.00000;0.00064;0.00000
1.00000;0.21343;0.00005;0.58072;0.00000;0.20581
1.00000;0.32790;0.00120;0.40220;0.00011;0.26859
1.00000;0.46931;0.00004;0.17225;0.00000;0.35839
1.00000;0.22319;0.00014;0.39766;0.00002;0.37899
1.00000;0.00000;0.00000;0.00000;1.00000;0.00000
1.00000;0.00003;0.00000;0.00002;0.00000;0.99995
1.00000;0.00000;0.00000;0.00000;1.00000;0.00000
1.00000;0.00000;0.00000;0.00000;1.00000;0.00000
1.00000;0.00009;0.97872;0.02020;0.00098;0.00001
1.00000;0.00008;0.00000;0.99976;0.00000;0.00016
1.00000;0.72917;0.08272;0.10701;0.00239;0.07871
1.00000;0.00000;0.00000;0.00000;1.00000;0.00000
1.00000;0.00000;0.00000;0.00000;1.00000;0.00000
1.00000;0.00698;0.00000;0.01213;0.00000;0.98089
1.00000;0.99998;0.00002;0.00000;0.00000;0.00000
1.00000;0.00018;0.99981;0.00000;0.00000;0.00000
1.00000;0.40774;0.00001;0.00004;0.00000;0.59221
1.00000;0.05989;0.00003;0.00029;0.00003;0.93976
1.00000;0.44321;0.00001;0.33880;0.00001;0.21797
1.00000;0.00049;0.99951;0.00000;0.00000;0.00000
1.00000;0.01756;0.98122;0.00000;0.00122;0.00000
1.00000;0.03633;0.00002;0.03358;0.00001;0.93007
1.00000;1.00000;0.00000;0.00000;0.00000;0.00000
1.00000;0.00103;0.99893;0.00000;0.00003;0.00000
1.00000;0.02905;0.92254;0.00000;0.04841;0.00000
1.00000;0.02709;0.00011;0.94455;0.00000;0.02825
1.00000;0.99980;0.00019;0.00000;0.00001;0.00000
1.00000;0.04670;0.00173;0.91129;0.00004;0.04024
1.00000;0.83960;0.00618;0.03370;0.00001;0.12051
1.00000;0.10488;0.88381;0.00000;0.01131;0.00000
1.00000;0.99964;0.00034;0.00001;0.00000;0.00001
1.00000;0.00000;0.00000;0.00000;1.00000;0.00000
1.00000;0.00000;0.00000;0.00000;1.00000;0.00000
1.00000;0.99931;0.00043;0.00017;0.00008;0.00001
1.00000;0.06109;0.00002;0.86892;0.00001;0.06996
1.00000;0.00000;0.00000;0.00000;1.00000;0.00000
1.00000;0.06454;0.93491;0.00000;0.00055;0.00000
1.00000;0.00002;0.00000;0.99995;0.00000;0.00003
1.00000;0.00002;0.00000;0.99997;0.00000;0.00001
1.00000;0.00138;0.00000;0.99783;0.00000;0.00079
1.00000;0.00018;0.00000;0.99953;0.00000;0.00028
1.00000;0.00565;0.99435;0.00000;0.00000;0.00000
1.00000;0.99998;0.00000;0.00000;0.00000;0.00001
1.00000;0.05560;0.94438;0.00000;0.00002;0.00000
1.00000;0.14163;0.00012;0.07603;0.00000;0.78222
1.00000;0.00000;0.00000;1.00000;0.00000;0.00000
1.00000;0.02606;0.00001;0.04598;0.00001;0.92794
1.00000;0.14292;0.00003;0.08974;0.00001;0.76730
1.00000;0.00031;0.99969;0.00000;0.00000;0.00000
1.00000;0.00000;0.00000;0.00004;0.99996;0.00000
1.00000;0.38133;0.00002;0.28712;0.00003;0.33150
1.00000;0.13745;0.00076;0.57316;0.13515;0.15349
1.00000;0.00001;0.00000;0.99999;0.00000;0.00001
1.00000;0.00000;0.00000;0.00000;1.00000;0.00000
1.00000;0.00001;0.00000;0.99999;0.00000;0.00000
1.00000;0.00003;0.00000;0.99991;0.00000;0.00006
1.00000;0.00000;0.00000;0.00000;1.00000;0.00000
1.00000;0.21794;0.00006;0.57902;0.00001;0.20297
1.00000;0.00766;0.99234;0.00000;0.00000;0.00000
1.00000;0.00121;0.99879;0.00000;0.00000;0.00000
1.00000;0.41149;0.54048;0.00006;0.04794;0.00003
1.00000;0.00008;0.99803;0.00158;0.00032;0.00000
1.00000;0.00000;0.00000;0.00000;1.00000;0.00000
1.00000;0.00000;0.00000;0.00000;1.00000;0.00000
1.00000;0.00000;0.00000;0.00000;1.00000;0.00000
1.00000;0.00001;0.00000;0.00000;0.00000;0.99999
1.00000;0.19493;0.00001;0.00001;0.00000;0.80505
1.00000;0.38010;0.00002;0.35781;0.00001;0.26205
1.00000;0.16235;0.00616;0.61130;0.07103;0.14917
1.00000;0.00000;0.00000;1.00000;0.00000;0.00000
1.00000;0.13309;0.00011;0.73143;0.00012;0.13525
1.00000;0.45537;0.00776;0.39101;0.02441;0.12144
1.00000;0.37649;0.00005;0.19700;0.00001;0.42646
1.00000;1.00000;0.00000;0.00000;0.00000;0.00000
1.00000;0.21536;0.76367;0.00231;0.01824;0.00042
1.00000;0.08444;0.91247;0.00000;0.00309;0.00000
1.00000;0.32052;0.00005;0.38707;0.00000;0.29236
1.00000;0.00031;0.00000;0.99941;0.00000;0.00028
1.00000;0.00000;0.00000;0.00003;0.99997;0.00000
1.00000;0.00000;0.00000;0.00001;0.99999;0.00000
1.00000;0.01908;0.00000;0.00069;0.00000;0.98023
1.00000;0.01543;0.98428;0.00000;0.00030;0.00000
1.00000;0.28778;0.00013;0.27403;0.00001;0.43804
1.00000;0.00000;0.00000;0.00000;1.00000;0.00000
1.00000;0.00147;0.99847;0.00000;0.00006;0.00000
1.00000;0.81606;0.03265;0.03519;0.10597;0.01014
1.00000;0.01077;0.98922;0.00000;0.00000;0.00000
1.00000;0.00140;0.99836;0.00000;0.00024;0.00000
1.00000;0.99975;0.00012;0.00002;0.00000;0.00011
1.00000;0.00000;0.00000;0.00000;1.00000;0.00000
1.00000;0.06054;0.92195;0.00000;0.01750;0.00000
1.00000;0.16532;0.02372;0.51421;0.10243;0.19433
1.00000;0.00009;0.00000;0.99974;0.00000;0.00017
1.00000;0.23550;0.76350;0.00000;0.00100;0.00000
1.00000;1.00000;0.00000;0.00000;0.00000;0.00000
1.00000;0.77710;0.20484;0.00004;0.01801;0.00001
1.00000;0.04422;0.00000;0.00193;0.00000;0.95385
1.00000;0.00000;0.00000;1.00000;0.00000;0.00000
1.00000;0.00000;0.00000;0.00000;1.00000;0.00000
1.00000;0.00001;0.00000;0.99999;0.00000;0.00000
1.00000;0.00013;0.99403;0.00557;0.00027;0.00000
1.00000;0.06863;0.00000;0.00005;0.00000;0.93132
1.00000;0.00009;0.00000;0.99984;0.00000;0.00007
1.00000;0.00000;0.00000;0.00000;1.00000;0.00000
1.00000;0.03321;0.00000;0.00000;0.00000;0.96678
1.00000;0.18371;0.00021;0.66843;0.00239;0.14526
1.00000;0.00000;0.00000;0.00000;1.00000;0.00000
1.00000;0.00008;0.27520;0.72453;0.00015;0.00005
1.00000;0.01304;0.98695;0.00000;0.00001;0.00000
1.00000;0.07673;0.89431;0.00000;0.02895;0.00000
1.00000;0.00001;0.00000;0.99998;0.00000;0.00001
1.00000;0.00000;0.00000;0.00001;0.99999;0.00000
1.00000;0.00000;0.00000;0.00000;1.00000;0.00000
1.00000;0.00000;0.00000;1.00000;0.00000;0.00000
1.00000;0.00000;0.00000;0.00000;1.00000;0.00000
1.00000;0.00121;0.00000;0.00000;0.00000;0.99878
1.00000;0.99828;0.00001;0.00015;0.00000;0.00156
1.00000;0.00000;0.00000;0.00000;1.00000;0.00000
1.00000;0.15570;0.00194;0.25161;0.46461;0.12614
1.00000;0.00007;0.00000;0.00000;0.00000;0.99993
1.00000;0.99998;0.00001;0.00001;0.00000;0.00000
1.00000;1.00000;0.00000;0.00000;0.00000;0.00000
1.00000;0.00000;0.00000;0.00000;1.00000;0.00000
1.00000;0.00013;0.99363;0.00580;0.00043;0.00000
1.00000;0.21822;0.70113;0.00837;0.05788;0.01440
1.00000;0.92337;0.00003;0.01871;0.00000;0.05789
1.00000;0.00000;0.00000;0.00000;1.00000;0.00000
1.00000;0.23443;0.00006;0.58207;0.00000;0.18344
1.00000;0.00564;0.11998;0.87162;0.00024;0.00253
1.00000;0.99994;0.00005;0.00000;0.00000;0.00000
1.00000;0.01417;0.97938;0.00000;0.00645;0.00000
1.00000;0.21011;0.56627;0.10893;0.03077;0.08393
1.00000;0.99969;0.00030;0.00000;0.00000;0.00001
1.00000;0.00075;0.00000;0.00008;0.00000;0.99917
1.00000;0.27452;0.00052;0.03225;0.00008;0.69263
1.00000;0.00001;0.00000;0.00000;0.00000;0.99999
1.00000;0.00034;0.00000;0.00000;0.00000;0.99966
1.00000;0.00002;0.00000;0.00216;0.99781;0.00001
1.00000;0.04689;0.00018;0.93012;0.00000;0.02281
1.00000;0.00000;0.00000;0.00000;1.00000;0.00000
1.00000;1.00000;0.00000;0.00000;0.00000;0.00000
1.00000;0.99982;0.00008;0.00000;0.00000;0.00010
1.00000;0.00378;0.99603;0.00000;0.00019;0.00000
1.00000;0.41358;0.00449;0.20264;0.00310;0.37620
1.00000;0.00035;0.00000;0.00000;0.00000;0.99965
1.00000;0.99983;0.00016;0.00000;0.00001;0.00000
1.00000;0.00000;0.00000;0.00000;0.99999;0.00000
1.00000;0.28360;0.00006;0.59497;0.00000;0.12136
1.00000;0.00500;0.00001;0.98357;0.00001;0.01141
1.00000;0.08115;0.90800;0.00000;0.01085;0.00000
1.00000;0.25910;0.00001;0.00161;0.00000;0.73928
1.00000;0.00000;0.00000;0.00000;1.00000;0.00000
1.00000;0.98421;0.00000;0.00000;0.00000;0.01579
1.00000;0.00000;0.00000;0.00000;1.00000;0.00000
1.00000;0.02384;0.00000;0.00008;0.00000;0.97607
1.00000;0.00953;0.00000;0.00034;0.00000;0.99013
1.00000;0.61337;0.38567;0.00003;0.00082;0.00011
1.00000;0.24104;0.00009;0.49794;0.00006;0.26087
1.00000;0.28954;0.00008;0.43535;0.00001;0.27502
1.00000;0.99474;0.00041;0.00255;0.00001;0.00228
1.00000;0.00022;0.99973;0.00000;0.00004;0.00000
1.00000;0.00048;0.00000;0.99908;0.00000;0.00044
1.00000;0.00000;0.00000;0.00000;1.00000;0.00000
1.00000;0.01057;0.00000;0.00544;0.00000;0.98399
1.00000;0.99999;0.00001;0.00000;0.00000;0.00000
1.00000;0.00009;0.99991;0.00000;0.00000;0.00000
1.00000;0.99999;0.00000;0.00000;0.00000;0.00000
1.00000;0.99970;0.00000;0.00005;0.00000;0.00024
1.00000;0.00000;0.00000;0.00000;1.00000;0.00000
1.00000;0.06579;0.00005;0.05451;0.00000;0.87965
1.00000;0.04425;0.95472;0.00000;0.00103;0.00000
1.00000;0.00000;0.00000;0.00337;0.99663;0.00000
1.00000;0.00002;0.00000;0.99994;0.00000;0.00004
1.00000;0.01296;0.00000;0.01716;0.00000;0.96987
1.00000;0.00912;0.00014;0.35296;0.63081;0.00697
1.00000;0.00000;0.00000;0.00000;1.00000;0.00000
1.00000;0.29122;0.00003;0.41447;0.00001;0.29427
1.00000;0.16892;0.81849;0.00000;0.01259;0.00000
1.00000;0.99963;0.00000;0.00000;0.00000;0.00037
1.00000;0.07096;0.00003;0.84027;0.00001;0.08874
1.00000;0.30949;0.00002;0.45683;0.00002;0.23364
1.00000;0.06633;0.00001;0.00001;0.00000;0.93365
1.00000;0.00000;0.00000;0.00000;1.00000;0.00000
1.00000;0.00000;0.00000;0.00000;1.00000;0.00000
1.00000;0.00012;0.99074;0.00894;0.00020;0.00000
1.00000;0.00000;0.00000;0.00000;1.00000;0.00000
1.00000;0.00000;0.00000;0.00000;1.00000;0.00000
1.00000;0.31980;0.00005;0.36084;0.00001;0.31931
1.00000;0.00005;0.99894;0.00070;0.00030;0.00000
1.00000;0.00113;0.00001;0.99808;0.00000;0.00078
1.00000;0.99279;0.00682;0.00000;0.00039;0.00000
1.00000;0.01773;0.97868;0.00000;0.00359;0.00000
1.00000;0.17558;0.82398;0.00001;0.00043;0.00000
1.00000;0.29835;0.00000;0.00026;0.00000;0.70139
1.00000;0.00082;0.00000;0.00002;0.00000;0.99916
1.00000;0.00000;0.00000;0.00000;1.00000;0.00000
1.00000;0.02611;0.00000;0.01342;0.00000;0.96046
1.00000;0.02911;0.00000;0.00000;0.00000;0.97088
1.00000;0.00001;0.00008;0.00000;0.99991;0.00000
1.00000;0.43583;0.56409;0.00000;0.00007;0.00000
1.00000;0.00000;0.00000;0.00000;1.00000;0.00000
1.00000;0.00000;0.00000;0.00000;1.00000;0.00000
1.00000;0.25510;0.00002;0.25189;0.00005;0.49293
1.00000;0.00004;0.00000;0.99991;0.00000;0.00004
1.00000;0.40966;0.00002;0.00226;0.00000;0.58806
1.00000;0.00084;0.00000;0.00000;0.00000;0.99916
1.00000;0.03106;0.00003;0.02840;0.00000;0.94050
1.00000;0.32170;0.00003;0.14175;0.00002;0.53650
1.00000;0.28576;0.20034;0.25038;0.10846;0.15506
1.00000;0.00113;0.00000;0.00000;0.00000;0.99887
1.00000;0.00017;0.00000;0.00096;0.99867;0.00021
1.00000;0.00255;0.00000;0.00706;0.00000;0.99039
1.00000;0.00048;0.99952;0.00000;0.00000;0.00000
1.00000;0.26848;0.00897;0.59829;0.00938;0.11489
1.00000;0.02279;0.00002;0.95257;0.00000;0.02462
1.00000;0.94039;0.03136;0.00028;0.02793;0.00004
1.00000;0.00000;0.00000;0.00024;0.99975;0.00000
1.00000;0.00000;0.00000;0.00000;1.00000;0.00000
1.00000;0.11637;0.00117;0.50847;0.31480;0.05919
1.00000;0.22978;0.00006;0.56656;0.00003;0.20357
1.00000;0.00001;0.00000;0.99999;0.00000;0.00001
1.00000;0.00001;0.00000;0.99993;0.00000;0.00005
1.00000;0.00000;0.00000;0.00000;1.00000;0.00000
1.00000;0.32918;0.00016;0.38168;0.00000;0.28898
1.00000;0.00000;0.00000;0.00000;1.00000;0.00000
1.00000;0.00005;0.99859;0.00106;0.00030;0.00000
1.00000;0.00006;0.00000;0.99976;0.00000;0.00018
1.00000;0.01049;0.00000;0.01063;0.00000;0.97888
1.00000;0.00137;0.99853;0.00000;0.00010;0.00000
1.00000;0.19160;0.00045;0.00014;0.00000;0.80781
1.00000;0.00000;0.00000;0.00000;1.00000;0.00000
1.00000;0.00000;0.00000;1.00000;0.00000;0.00000
1.00000;0.00185;0.00000;0.99705;0.00000;0.00109
1.00000;0.78278;0.00001;0.00006;0.00000;0.21715
1.00000;0.00000;0.00000;0.00000;1.00000;0.00000
1.00000;0.39555;0.60400;0.00000;0.00045;0.00000
1.00000;0.30267;0.66567;0.00002;0.03162;0.00002
1.00000;0.00045;0.00000;0.00012;0.00000;0.99943
1.00000;0.21668;0.08307;0.54159;0.02779;0.13086
1.00000;0.34120;0.00008;0.44968;0.00000;0.20904
1.00000;0.00582;0.00008;0.93233;0.05680;0.00497
1.00000;0.00000;0.00000;0.00001;0.99999;0.00000
1.00000;0.30732;0.00003;0.48009;0.00002;0.21254
1.00000;0.00000;0.00000;0.00000;1.00000;0.00000
1.00000;0.39419;0.00010;0.33912;0.00005;0.26653
1.00000;0.99999;0.00001;0.00000;0.00000;0.00001
1.00000;0.00000;0.00000;0.00000;1.00000;0.00000
1.00000;0.01775;0.98189;0.00000;0.00036;0.00000
1.00000;0.00111;0.00000;0.99760;0.00000;0.00129
1.00000;0.35567;0.00005;0.44509;0.00000;0.19919
1.00000;0.00000;0.00000;0.99999;0.00000;0.00000
1.00000;0.11329;0.00003;0.75681;0.00000;0.12987
1.00000;0.46033;0.00012;0.32035;0.00001;0.21919
1.00000;0.24906;0.00098;0.34135;0.00069;0.40792
1.00000;0.01817;0.97631;0.00000;0.00552;0.00000
1.00000;0.99999;0.00000;0.00000;0.00000;0.00000
1.00000;0.02471;0.00003;0.95377;0.00000;0.02148
1.00000;0.49754;0.49979;0.00013;0.00229;0.00024
1.00000;0.01650;0.00000;0.00002;0.00000;0.98349
1.00000;0.00428;0.00001;0.99260;0.00000;0.00311
1.00000;0.00003;0.00000;0.99995;0.00000;0.00002
1.00000;1.00000;0.00000;0.00000;0.00000;0.00000
1.00000;0.01866;0.98124;0.00000;0.00010;0.00000
1.00000;1.00000;0.00000;0.00000;0.00000;0.00000
1.00000;0.00326;0.99656;0.00000;0.00018;0.00000
1.00000;0.00004;0.00000;0.00001;0.00000;0.99996
1.00000;0.41739;0.00009;0.33322;0.00000;0.24930
1.00000;0.09840;0.89999;0.00000;0.00161;0.00000
1.00000;0.04924;0.93571;0.00000;0.01505;0.00000
1.00000;0.12767;0.00013;0.02733;0.00004;0.84482
1.00000;0.03921;0.96048;0.00000;0.00031;0.00000
1.00000;0.00042;0.00000;0.99804;0.00122;0.00032
1.00000;0.01357;0.00002;0.01450;0.95631;0.01561
1.00000;0.00000;0.00000;0.00000;1.00000;0.00000
1.00000;0.00000;0.00000;0.00000;1.00000;0.00000
1.00000;0.00000;0.00000;0.00000;1.00000;0.00000
1.00000;0.18719;0.81208;0.00000;0.00072;0.00000
1.00000;0.08585;0.90981;0.00000;0.00433;0.00000
1.00000;0.03545;0.96455;0.00000;0.00000;0.00000
1.00000;0.89914;0.00031;0.06114;0.00000;0.03941
1.00000;0.42371;0.00297;0.00098;0.57175;0.00058
1.00000;0.96740;0.03259;0.00001;0.00000;0.00000
1.00000;0.00170;0.99815;0.00000;0.00015;0.00000
1.00000;0.11662;0.00010;0.79515;0.00003;0.08811
1.00000;0.24030;0.04469;0.47946;0.04813;0.18742
1.00000;0.13597;0.00008;0.00151;0.00001;0.86243
1.00000;0.99998;0.00002;0.00000;0.00000;0.00000
1.00000;0.00008;0.00000;0.99987;0.00000;0.00005
1.00000;0.00005;0.99802;0.00167;0.00026;0.00000
1.00000;0.00008;0.98374;0.01520;0.00098;0.00001
1.00000;0.99133;0.00864;0.00001;0.00000;0.00002
1.00000;0.07032;0.92486;0.00000;0.00482;0.00000
1.00000;0.00794;0.99194;0.00000;0.00012;0.00000
1.00000;0.41623;0.00001;0.37307;0.00001;0.21068
1.00000;0.00000;0.00000;1.00000;0.00000;0.00000
1.00000;0.32347;0.00007;0.21297;0.00001;0.46349
1.00000;1.00000;0.00000;0.00000;0.00000;0.00000
1.00000;0.00005;0.00000;0.00003;0.00000;0.99991
1.00000;0.09754;0.00048;0.75400;0.00047;0.14750
1.00000;0.00713;0.00000;0.00459;0.00000;0.98827
1.00000;0.07499;0.92445;0.00001;0.00056;0.00000
1.00000;0.09186;0.90050;0.00000;0.00764;0.00000
1.00000;0.00036;0.99963;0.00000;0.00000;0.00000
1.00000;0.23423;0.76470;0.00000;0.00107;0.00000
1.00000;0.00033;0.00000;0.00004;0.00000;0.99963
1.00000;0.34815;0.00006;0.13239;0.00004;0.51936
1.00000;0.33391;0.00015;0.21736;0.00001;0.44857
1.00000;0.93901;0.00000;0.00014;0.00000;0.06084
1.00000;0.00012;0.97573;0.02353;0.00061;0.00001
1.00000;0.22170;0.13483;0.35593;0.00686;0.28068
1.00000;0.00000;0.00000;0.00000;1.00000;0.00000
1.00000;0.37148;0.00006;0.29895;0.00002;0.32948
1.00000;0.00002;0.00000;0.00000;0.00000;0.99998
1.00000;0.41697;0.00003;0.32200;0.00001;0.26100
1.00000;0.03629;0.00002;0.00030;0.00000;0.96339
1.00000;0.00000;0.00000;1.00000;0.00000;0.00000
1.00000;0.99995;0.00004;0.00000;0.00001;0.00000
1.00000;0.00000;0.00000;0.00000;1.00000;0.00000
1.00000;0.00000;0.00000;0.00000;1.00000;0.00000
1.00000;0.23744;0.00014;0.54631;0.00157;0.21453
1.00000;0.00121;0.00000;0.00022;0.00000;0.99857
1.00000;0.00001;0.00000;0.99999;0.00000;0.00001
1.00000;0.00002;0.00000;0.99994;0.00000;0.00004
1.00000;0.15146;0.00001;0.02050;0.00002;0.82801
1.00000;0.00465;0.99534;0.00000;0.00001;0.00000
1.00000;0.14227;0.85501;0.00000;0.00272;0.00000
1.00000;0.00001;0.00000;0.99999;0.00000;0.00000
1.00000;0.16728;0.00004;0.61043;0.00001;0.22225
1.00000;0.99971;0.00000;0.00000;0.00000;0.00028
1.00000;0.16445;0.01259;0.71110;0.00012;0.11174
1.00000;0.00006;0.00000;0.99989;0.00000;0.00005
1.00000;0.00184;0.00000;0.00001;0.00000;0.99815
1.00000;0.00014;0.00000;0.99964;0.00000;0.00022
1.00000;0.00055;0.00001;0.99914;0.00001;0.00029
1.00000;0.00027;0.00000;0.99895;0.00000;0.00077
1.00000;0.00000;0.00000;0.00001;0.99999;0.00000
1.00000;0.00000;0.00000;0.00000;1.00000;0.00000
1.00000;0.11126;0.00006;0.00027;0.00000;0.88840
1.00000;0.00041;0.00000;0.00079;0.00000;0.99880
1.00000;0.00001;0.00002;0.99994;0.00000;0.00003
1.00000;0.00000;0.00000;0.00000;1.00000;0.00000
1.00000;0.05652;0.93754;0.00000;0.00594;0.00000
1.00000;0.00000;0.00000;1.00000;0.00000;0.00000
1.00000;0.00000;0.00000;0.00000;1.00000;0.00000
1.00000;0.13404;0.00067;0.65953;0.00434;0.20141
1.00000;0.00000;0.00000;1.00000;0.00000;0.00000
1.00000;0.00000;0.00000;0.00000;1.00000;0.00000
1.00000;0.00001;0.00000;0.99996;0.00000;0.00002
1.00000;0.00000;0.00000;0.00000;1.00000;0.00000
1.00000;0.00000;0.00000;1.00000;0.00000;0.00000
1.00000;0.41026;0.00008;0.29118;0.00000;0.29849
1.00000;0.29814;0.55611;0.02131;0.07023;0.05421
1.00000;0.00003;0.00000;0.00002;0.00000;0.99995
1.00000;0.18596;0.00028;0.31304;0.00004;0.50069
1.00000;0.00238;0.00000;0.00000;0.00000;0.99761
1.00000;0.27110;0.63648;0.00001;0.09240;0.00001
1.00000;0.00024;0.94730;0.05216;0.00029;0.00001
1.00000;0.00000;0.00000;0.00000;1.00000;0.00000
1.00000;0.00000;0.00000;0.00000;1.00000;0.00000
1.00000;0.00000;0.00000;0.00000;1.00000;0.00000
1.00000;0.00013;0.00000;0.00054;0.99905;0.00028
1.00000;0.00000;0.00000;0.99999;0.00000;0.00000
1.00000;0.07372;0.00001;0.87143;0.00000;0.05485
1.00000;0.00002;0.00000;0.00003;0.00000;0.99994
1.00000;0.61515;0.03077;0.21351;0.00152;0.13906
1.00000;0.28163;0.00003;0.15968;0.00002;0.55863
1.00000;0.00000;0.00000;0.00000;1.00000;0.00000
1.00000;0.21045;0.00002;0.00157;0.00000;0.78796
1.00000;0.22483;0.00002;0.39480;0.00005;0.38029
1.00000;0.99825;0.00027;0.00020;0.00000;0.00127
1.00000;0.22888;0.00001;0.16428;0.00000;0.60683
1.00000;1.00000;0.00000;0.00000;0.00000;0.00000
1.00000;0.00000;0.00000;1.00000;0.00000;0.00000
1.00000;0.00166;0.00000;0.00002;0.00000;0.99831
1.00000;0.00000;0.00000;1.00000;0.00000;0.00000
1.00000;0.00000;0.00000;0.00000;1.00000;0.00000
1.00000;0.00676;0.99320;0.00000;0.00004;0.00000
1.00000;0.56978;0.00001;0.00584;0.00000;0.42437
1.00000;0.35477;0.00006;0.37408;0.00006;0.27103
1.00000;0.00000;0.00000;0.00001;0.99998;0.00000
1.00000;0.00007;0.99993;0.00000;0.00000;0.00000
1.00000;0.99959;0.00038;0.00001;0.00000;0.00002
1.00000;0.00000;0.00000;0.00005;0.99994;0.00000
1.00000;0.00219;0.00013;0.99361;0.00000;0.00406
1.00000;0.05499;0.94448;0.00000;0.00052;0.00000
1.00000;0.41738;0.55009;0.00001;0.03248;0.00004
1.00000;0.00000;0.00000;0.00000;1.00000;0.00000
1.00000;0.31711;0.00019;0.26281;0.00001;0.41988
1.00000;0.12545;0.00006;0.75323;0.00008;0.12118
1.00000;0.57365;0.00002;0.10903;0.00001;0.31730
1.00000;0.28085;0.07842;0.44404;0.02206;0.17463
1.00000;0.99055;0.00941;0.00000;0.00004;0.00000
1.00000;0.00266;0.99696;0.00000;0.00038;0.00000
1.00000;0.19442;0.00614;0.65208;0.00173;0.14562
1.00000;0.00000;0.00000;0.00000;1.00000;0.00000
1.00000;0.00018;0.98992;0.00930;0.00060;0.00000
1.00000;0.06847;0.00002;0.15878;0.00001;0.77271
1.00000;0.00330;0.99667;0.00000;0.00002;0.00000
1.00000;0.01291;0.98694;0.00000;0.00015;0.00000
1.00000;0.00000;0.00000;0.00000;1.00000;0.00000
1.00000;0.09747;0.87835;0.00000;0.02417;0.00000
1.00000;0.25356;0.00454;0.53857;0.01919;0.18415
1.00000;0.04221;0.00001;0.01292;0.00000;0.94485
1.00000;0.00008;0.00000;0.99981;0.00000;0.00010
1.00000;0.00021;0.99977;0.00000;0.00003;0.00000
1.00000;0.05305;0.94691;0.00000;0.00004;0.00000
1.00000;0.99931;0.00003;0.00001;0.00000;0.00065
1.00000;0.09071;0.00271;0.79247;0.00014;0.11397
1.00000;0.07400;0.00003;0.00091;0.00000;0.92506
1.00000;0.49775;0.12132;0.14994;0.00365;0.22735
1.00000;0.02856;0.97117;0.00000;0.00027;0.00000
1.00000;1.00000;0.00000;0.00000;0.00000;0.00000
1.00000;0.01749;0.00001;0.95682;0.00000;0.02568
1.00000;0.00000;0.00000;0.00000;1.00000;0.00000
1.00000;0.00000;0.00000;0.99999;0.00000;0.00000
1.00000;0.01802;0.00000;0.00002;0.00000;0.98196
1.00000;0.96112;0.03884;0.00001;0.00004;0.00000
1.00000;0.13094;0.00289;0.43419;0.20763;0.22435
1.00000;0.16694;0.00007;0.62549;0.00000;0.20750
1.00000;0.00185;0.00000;0.00051;0.00000;0.99765
1.00000;0.00748;0.98971;0.00000;0.00282;0.00000
1.00000;0.34767;0.14306;0.29289;0.02328;0.19309
1.00000;0.09154;0.89435;0.00000;0.01411;0.00000
1.00000;0.00000;0.00000;0.00000;1.00000;0.00000
1.00000;0.00003;0.00000;0.99994;0.00000;0.00003
1.00000;1.00000;0.00000;0.00000;0.00000;0.00000
1.00000;0.00000;0.00000;0.00000;1.00000;0.00000
1.00000;0.00401;0.99599;0.00000;0.00000;0.00000
1.00000;0.00161;0.99838;0.00000;0.00000;0.00000
1.00000;0.26626;0.01628;0.36339;0.00007;0.35399
1.00000;0.00056;0.99942;0.00000;0.00001;0.00000
1.00000;0.47738;0.00324;0.33605;0.00005;0.18328
1.00000;0.00000;0.00000;0.00000;1.00000;0.00000
1.00000;0.00000;0.00000;0.00000;1.00000;0.00000
1.00000;0.32991;0.00010;0.37951;0.00000;0.29048
1.00000;0.40479;0.00021;0.23924;0.00001;0.35575
1.00000;0.00169;0.00088;0.99524;0.00000;0.00219
1.00000;0.00020;0.00000;0.99953;0.00000;0.00027
1.00000;0.00000;0.00000;0.00000;1.00000;0.00000
1.00000;0.00002;0.00000;0.00001;0.00000;0.99997
1.00000;0.08536;0.90887;0.00000;0.00578;0.00000
1.00000;0.17835;0.82000;0.00000;0.00165;0.00000
1.00000;0.01908;0.00003;0.95675;0.00000;0.02414
1.00000;0.34197;0.00005;0.41715;0.00001;0.24082
1.00000;0.00002;0.00000;0.99997;0.00000;0.00001
1.00000;0.00000;0.00000;0.00000;1.00000;0.00000
1.00000;0.99993;0.00002;0.00003;0.00000;0.00001
1.00000;0.20019;0.00000;0.40987;0.00004;0.38989
1.00000;0.40551;0.59441;0.00000;0.00008;0.00000
1.00000;0.97809;0.02134;0.00001;0.00055;0.00000
1.00000;0.36681;0.00615;0.46197;0.00447;0.16059
1.00000;0.00000;0.00000;0.00000;1.00000;0.00000
1.00000;0.00000;0.00000;0.00000;1.00000;0.00000
1.00000;0.99998;0.00000;0.00000;0.00000;0.00002
1.00000;1.00000;0.00000;0.00000;0.00000;0.00000
1.00000;0.23895;0.00020;0.54526;0.00005;0.21554
1.00000;0.21563;0.01752;0.65783;0.00018;0.10883
1.00000;0.91607;0.08385;0.00005;0.00000;0.00003
1.00000;0.99999;0.00000;0.00000;0.00000;0.00000
1.00000;0.19888;0.00001;0.52686;0.00001;0.27425
1.00000;0.22730;0.00018;0.45600;0.00070;0.31583
1.00000;0.96356;0.03633;0.00000;0.00011;0.00000
1.00000;0.99900;0.00003;0.00004;0.00000;0.00093
1.00000;0.00001;0.00000;0.00005;0.99993;0.00001
1.00000;0.00001;0.00000;0.00004;0.99994;0.00001
1.00000;0.00000;0.00000;0.00000;1.00000;0.00000
1.00000;0.19700;0.00004;0.20702;0.00001;0.59593
1.00000;0.03553;0.00027;0.92118;0.00079;0.04223
1.00000;0.01833;0.98166;0.00000;0.00000;0.00000
1.00000;0.00000;0.00000;0.00000;1.00000;0.00000
1.00000;0.02821;0.00001;0.00349;0.00000;0.96829
1.00000;0.00184;0.99804;0.00000;0.00012;0.00000
1.00000;0.00000;0.00000;0.00000;1.00000;0.00000
1.00000;0.00008;0.00000;0.00004;0.00000;0.99988
1.00000;0.00327;0.00000;0.00231;0.00000;0.99441
