1.00000;0.00019;0.00196;0.99754;0.00001;0.00030
1.00000;0.16286;0.16986;0.08977;0.48886;0.08864
1.00000;0.01022;0.78683;0.18041;0.00845;0.01409
1.00000;0.20390;0.15230;0.35212;0.04314;0.24855
1.00000;0.26672;0.00014;0.51797;0.00006;0.21510
1.00000;0.06042;0.28387;0.55803;0.00913;0.08855
1.00000;0.20082;0.16213;0.34645;0.04244;0.24816
1.00000;0.24837;0.13873;0.29962;0.06248;0.25080
1.00000;0.00093;0.91476;0.08128;0.00295;0.00008
1.00000;0.97984;0.01811;0.00021;0.00000;0.00184
1.00000;0.23880;0.21989;0.22943;0.06237;0.24950
1.00000;0.72915;0.24217;0.00706;0.02006;0.00155
1.00000;0.06509;0.60549;0.24076;0.02444;0.06422
1.00000;0.01181;0.81155;0.15949;0.00612;0.01102
1.00000;0.01158;0.80817;0.16228;0.00558;0.01240
1.00000;0.01282;0.75839;0.21169;0.00475;0.01236
1.00000;0.09539;0.90244;0.00047;0.00063;0.00107
1.00000;0.19076;0.09651;0.26877;0.16952;0.27444
1.00000;0.07664;0.17971;0.59268;0.01091;0.14007
1.00000;0.04345;0.57591;0.31496;0.00721;0.05847
1.00000;0.18499;0.06580;0.31227;0.09202;0.34491
1.00000;0.55474;0.00125;0.44202;0.00150;0.00049
1.00000;0.06446;0.60546;0.24128;0.02453;0.06427
1.00000;0.06460;0.60625;0.24071;0.02442;0.06402
1.00000;0.31568;0.30874;0.11126;0.07621;0.18812
1.00000;0.24691;0.11864;0.27225;0.04175;0.32045
1.00000;0.99956;0.00043;0.00000;0.00000;0.00001
1.00000;0.20205;0.05210;0.28275;0.19402;0.26908
1.00000;0.01349;0.71199;0.25015;0.00589;0.01848
1.00000;0.85951;0.11088;0.00481;0.00779;0.01702
1.00000;0.01499;0.75252;0.21110;0.00480;0.01659
1.00000;0.17061;0.00024;0.65746;0.00059;0.17109
1.00000;0.08801;0.15983;0.61722;0.01758;0.11737
1.00000;0.09664;0.14254;0.62929;0.01365;0.11789
1.00000;0.00471;0.02570;0.96791;0.00010;0.00158
1.00000;0.00917;0.82532;0.14579;0.00948;0.01024
1.00000;0.20859;0.14948;0.28329;0.11282;0.24583
1.00000;0.06421;0.60501;0.24171;0.02463;0.06443
1.00000;0.23445;0.01466;0.31085;0.15234;0.28769
1.00000;0.37900;0.38164;0.01104;0.09319;0.13513
1.00000;0.19630;0.01968;0.30047;0.15922;0.32433
1.00000;0.99993;0.00007;0.00000;0.00000;0.00000
1.00000;0.17406;0.58238;0.06391;0.10554;0.07411
1.00000;0.13876;0.60359;0.08375;0.09298;0.08092
1.00000;0.00671;0.87912;0.10263;0.00522;0.00632
1.00000;0.07994;0.00147;0.12506;0.02746;0.76607
1.00000;0.97761;0.00012;0.02172;0.00005;0.00050
1.00000;0.03658;0.57429;0.30462;0.01288;0.07163
1.00000;0.03702;0.55750;0.37966;0.00693;0.01888
1.00000;0.00123;0.91288;0.08269;0.00311;0.00008
1.00000;0.22466;0.18267;0.22738;0.09554;0.26975
1.00000;0.71002;0.26502;0.00895;0.01463;0.00139
1.00000;0.71752;0.24941;0.00604;0.02530;0.00173
1.00000;0.17887;0.65377;0.01962;0.12929;0.01844
1.00000;0.23218;0.32796;0.11017;0.13111;0.19858
1.00000;0.00937;0.79450;0.17988;0.00693;0.00931
1.00000;0.44379;0.07657;0.18508;0.01379;0.28077
1.00000;0.26997;0.19190;0.11645;0.19089;0.23079
1.00000;0.00460;0.02472;0.96901;0.00010;0.00156
1.00000;0.05505;0.39401;0.47703;0.00602;0.06788
1.00000;0.21488;0.25149;0.20587;0.10856;0.21919
1.00000;0.06334;0.60966;0.23966;0.02436;0.06298
1.00000;0.81071;0.03277;0.00956;0.00002;0.14694
1.00000;0.00970;0.84295;0.13058;0.00700;0.00977
1.00000;0.03179;0.00003;0.95118;0.00000;0.01701
1.00000;0.26426;0.00011;0.11684;0.00001;0.61879
1.00000;0.05442;0.54052;0.29957;0.01790;0.08759
1.00000;0.57339;0.41972;0.00001;0.00685;0.00003
1.00000;0.02070;0.57470;0.37311;0.00575;0.02574
1.00000;0.17616;0.00012;0.79296;0.00024;0.03051
1.00000;0.00461;0.02539;0.96833;0.00010;0.00157
1.00000;0.06501;0.60363;0.24195;0.02465;0.06476
1.00000;0.00019;0.00196;0.99753;0.00001;0.00030
1.00000;0.00894;0.81035;0.16383;0.00757;0.00931
1.00000;0.13798;0.00573;0.20389;0.42907;0.22333
1.00000;0.00851;0.84632;0.13443;0.00504;0.00570
1.00000;0.04007;0.00005;0.93871;0.00005;0.02111
1.00000;0.03099;0.00003;0.92405;0.00000;0.04493
1.00000;0.22011;0.69667;0.01465;0.03203;0.03653
1.00000;0.01844;0.82205;0.13871;0.00606;0.01474
1.00000;0.01352;0.79376;0.17120;0.00606;0.01545
1.00000;0.20966;0.26080;0.23375;0.05250;0.24329
1.00000;0.05749;0.33668;0.52035;0.00765;0.07782
1.00000;0.06769;0.23974;0.57982;0.00967;0.10308
1.00000;0.07971;0.00007;0.45868;0.00000;0.46154
1.00000;0.01648;0.74328;0.21674;0.00780;0.01571
1.00000;0.01307;0.72872;0.23539;0.01064;0.01218
1.00000;0.23251;0.23875;0.23206;0.07297;0.22371
1.00000;0.00019;0.00196;0.99753;0.00001;0.00030
1.00000;0.15698;0.00691;0.39117;0.20497;0.23997
1.00000;0.06478;0.60662;0.24005;0.02456;0.06399
1.00000;0.30894;0.10029;0.20336;0.01337;0.37404
1.00000;0.00095;0.91283;0.08321;0.00293;0.00008
1.00000;0.09619;0.27633;0.53789;0.00727;0.08232
1.00000;0.05982;0.20842;0.72498;0.00245;0.00432
1.00000;0.26088;0.08858;0.35712;0.01028;0.28314
1.00000;0.00019;0.00188;0.99761;0.00001;0.00031
1.00000;0.02078;0.62530;0.33283;0.00628;0.01482
1.00000;0.00093;0.98087;0.01799;0.00019;0.00002
1.00000;0.00408;0.02520;0.96913;0.00011;0.00147
1.00000;0.02616;0.65977;0.25634;0.00678;0.05094
1.00000;0.99878;0.00003;0.00012;0.00000;0.00107
1.00000;0.05570;0.41656;0.44715;0.01436;0.06623
1.00000;0.06471;0.60636;0.24026;0.02451;0.06415
1.00000;0.18167;0.28459;0.10554;0.33560;0.09260
1.00000;0.06521;0.60448;0.24128;0.02450;0.06454
1.00000;0.21002;0.06027;0.27149;0.26848;0.18974
1.00000;0.21483;0.17479;0.23965;0.09987;0.27086
1.00000;0.06484;0.60550;0.24059;0.02467;0.06441
1.00000;0.43214;0.30502;0.05174;0.08595;0.12516
1.00000;0.03486;0.48611;0.42811;0.01221;0.03871
1.00000;0.06535;0.60556;0.24038;0.02447;0.06424
1.00000;0.81347;0.00033;0.14042;0.00001;0.04578
1.00000;0.20444;0.07505;0.30281;0.11081;0.30689
1.00000;0.20449;0.16089;0.33638;0.04867;0.24957
1.00000;0.01050;0.81656;0.15071;0.00779;0.01443
1.00000;0.18706;0.00005;0.35160;0.00001;0.46128
1.00000;0.23634;0.14678;0.30895;0.07189;0.23604
1.00000;0.15689;0.01344;0.54374;0.06100;0.22494
1.00000;0.00020;0.89428;0.10472;0.00077;0.00003
1.00000;0.06394;0.60599;0.24176;0.02432;0.06400
1.00000;0.06369;0.60808;0.24095;0.02406;0.06323
1.00000;0.06517;0.60517;0.24081;0.02449;0.06436
1.00000;0.18186;0.11299;0.30169;0.12735;0.27610
1.00000;0.00098;0.91210;0.08388;0.00296;0.00008
1.00000;0.18922;0.17315;0.34786;0.04277;0.24701
1.00000;0.20703;0.15086;0.33718;0.05047;0.25447
1.00000;0.93541;0.00000;0.00003;0.00000;0.06456
1.00000;0.00019;0.00196;0.99754;0.00001;0.00030
1.00000;0.66172;0.19157;0.01045;0.00300;0.13326
1.00000;0.02307;0.68412;0.25291;0.00708;0.03282
1.00000;0.15346;0.80226;0.00311;0.00250;0.03866
1.00000;0.23583;0.72775;0.02972;0.00609;0.00061
1.00000;0.20917;0.16106;0.33121;0.04795;0.25061
1.00000;0.00074;0.00001;0.00054;0.99871;0.00000
1.00000;0.72943;0.00064;0.03007;0.00005;0.23982
1.00000;0.24912;0.09677;0.30769;0.04580;0.30062
1.00000;0.02697;0.00029;0.96532;0.00011;0.00731
1.00000;0.26258;0.22167;0.16304;0.08362;0.26910
1.00000;0.19974;0.50465;0.12929;0.05110;0.11523
1.00000;0.00121;0.91126;0.08434;0.00310;0.00009
1.00000;0.18286;0.55008;0.13564;0.03317;0.09824
1.00000;0.98427;0.01569;0.00000;0.00000;0.00004
1.00000;0.75908;0.05029;0.06852;0.00011;0.12201
1.00000;0.72854;0.24389;0.00872;0.01725;0.00161
1.00000;0.00432;0.02508;0.96896;0.00011;0.00153
1.00000;0.37297;0.38910;0.05547;0.08214;0.10032
1.00000;0.06572;0.60533;0.24007;0.02454;0.06434
1.00000;0.21192;0.14687;0.33574;0.04925;0.25622
1.00000;0.00911;0.86100;0.11670;0.00708;0.00610
1.00000;0.12177;0.37158;0.00429;0.49958;0.00277
1.00000;0.29830;0.16853;0.20773;0.04367;0.28177
1.00000;0.00477;0.02458;0.96894;0.00010;0.00161
1.00000;0.20682;0.05524;0.26823;0.20253;0.26719
1.00000;0.00123;0.91073;0.08484;0.00311;0.00009
1.00000;0.06458;0.60685;0.24020;0.02445;0.06392
1.00000;0.19154;0.24966;0.28425;0.06800;0.20655
1.00000;0.06339;0.60732;0.24114;0.02447;0.06368
1.00000;0.73772;0.23313;0.00722;0.02029;0.00164
1.00000;0.05122;0.51181;0.36759;0.00986;0.05952
1.00000;0.10174;0.00005;0.82918;0.00001;0.06902
1.00000;0.14885;0.42800;0.17837;0.12420;0.12058
1.00000;0.14629;0.00749;0.18778;0.46495;0.19349
1.00000;0.06827;0.37386;0.47427;0.00595;0.07765
1.00000;0.99867;0.00113;0.00005;0.00000;0.00015
1.00000;0.00408;0.02488;0.96945;0.00010;0.00148
1.00000;0.03396;0.43748;0.48867;0.01071;0.02918
1.00000;0.23756;0.05313;0.31113;0.11137;0.28681
1.00000;0.03085;0.58328;0.34497;0.00912;0.03177
1.00000;0.19980;0.06144;0.32425;0.09979;0.31472
1.00000;0.00461;0.00696;0.98227;0.00030;0.00586
1.00000;0.01098;0.82159;0.14968;0.00633;0.01142
1.00000;0.00457;0.02384;0.96991;0.00010;0.00157
1.00000;0.97245;0.00080;0.01604;0.00055;0.01016
1.00000;0.03880;0.72595;0.18246;0.00735;0.04544
1.00000;0.27277;0.09125;0.27771;0.03086;0.32740
1.00000;0.02255;0.63568;0.31114;0.00550;0.02513
1.00000;0.22443;0.28551;0.20354;0.08561;0.20092
1.00000;0.01037;0.86121;0.11753;0.00447;0.00642
1.00000;0.10518;0.89481;0.00000;0.00001;0.00000
1.00000;0.00838;0.81514;0.16292;0.00482;0.00874
1.00000;0.20775;0.16037;0.32986;0.04816;0.25385
1.00000;0.20654;0.16037;0.33619;0.04520;0.25170
1.00000;0.19940;0.37353;0.22162;0.05658;0.14886
1.00000;0.06393;0.60788;0.24018;0.02447;0.06355
1.00000;0.89116;0.00182;0.00505;0.00666;0.09532
1.00000;0.00019;0.00199;0.99750;0.00001;0.00030
1.00000;0.17846;0.00995;0.25988;0.24890;0.30281
1.00000;0.20387;0.35037;0.22547;0.03180;0.18850
1.00000;0.12276;0.00011;0.79952;0.00047;0.07714
1.00000;0.55982;0.23736;0.07703;0.01052;0.11527
1.00000;0.28660;0.00131;0.10917;0.00001;0.60291
1.00000;0.01627;0.66413;0.28878;0.00743;0.02339
1.00000;0.84390;0.01263;0.08966;0.00001;0.05380
1.00000;0.00816;0.81852;0.15432;0.00744;0.01156
1.00000;0.00920;0.77765;0.20183;0.00445;0.00687
1.00000;0.00812;0.84717;0.12949;0.00670;0.00851
1.00000;0.19599;0.15786;0.34912;0.04554;0.25149
1.00000;0.04159;0.56210;0.34325;0.00769;0.04537
1.00000;0.99704;0.00251;0.00017;0.00000;0.00028
1.00000;0.00135;0.00001;0.58469;0.00000;0.41395
1.00000;0.02050;0.64183;0.30466;0.00642;0.02660
1.00000;0.20050;0.15574;0.34642;0.04496;0.25238
1.00000;0.15347;0.61557;0.06179;0.09925;0.06992
1.00000;0.76750;0.07439;0.08312;0.00005;0.07495
1.00000;0.20471;0.16640;0.33397;0.04561;0.24931
1.00000;0.04130;0.38528;0.51063;0.01171;0.05108
1.00000;0.01644;0.72168;0.22800;0.00808;0.02580
1.00000;0.00466;0.02542;0.96824;0.00010;0.00158
1.00000;0.00019;0.00198;0.99751;0.00001;0.00030
1.00000;0.99515;0.00483;0.00001;0.00000;0.00000
1.00000;0.00019;0.00195;0.99754;0.00001;0.00030
1.00000;0.99961;0.00039;0.00000;0.00000;0.00001
1.00000;0.08452;0.80112;0.04648;0.01849;0.04939
1.00000;0.19834;0.16471;0.35046;0.04049;0.24601
1.00000;0.05931;0.27442;0.55054;0.00818;0.10754
1.00000;0.04880;0.39085;0.45873;0.01378;0.08784
1.00000;0.00358;0.00000;0.99344;0.00000;0.00297
1.00000;0.21012;0.05125;0.28853;0.10708;0.34302
1.00000;0.21071;0.14812;0.33493;0.05051;0.25573
1.00000;0.19943;0.15951;0.35209;0.04355;0.24542
1.00000;0.23638;0.00006;0.55477;0.00003;0.20877
1.00000;0.23584;0.38020;0.12694;0.12849;0.12854
1.00000;0.14595;0.76087;0.01686;0.04953;0.02678
1.00000;0.19117;0.16965;0.10773;0.36101;0.17044
1.00000;0.23536;0.11167;0.23974;0.14004;0.27319
1.00000;0.19429;0.26628;0.16093;0.02742;0.35108
1.00000;0.06355;0.60726;0.24112;0.02438;0.06368
1.00000;0.18098;0.01302;0.25383;0.08355;0.46862
1.00000;0.62099;0.01914;0.28857;0.00023;0.07108
1.00000;0.01687;0.73180;0.22437;0.00737;0.01959
1.00000;0.03017;0.52415;0.40918;0.00656;0.02994
1.00000;0.18367;0.64490;0.00347;0.16458;0.00338
1.00000;0.49490;0.00696;0.06629;0.00000;0.43185
1.00000;0.26250;0.40170;0.12816;0.04886;0.15878
1.00000;0.06065;0.39978;0.43233;0.01661;0.09063
1.00000;0.99997;0.00002;0.00000;0.00000;0.00000
1.00000;0.01539;0.76639;0.19398;0.00715;0.01709
1.00000;0.00019;0.00190;0.99759;0.00001;0.00030
1.00000;0.04951;0.38053;0.48895;0.01228;0.06873
1.00000;0.19085;0.15944;0.24519;0.14863;0.25589
1.00000;0.21206;0.15403;0.26743;0.07881;0.28768
1.00000;0.22323;0.05730;0.27478;0.28835;0.15634
1.00000;0.22956;0.69621;0.01254;0.04913;0.01256
1.00000;0.00019;0.00193;0.99756;0.00001;0.00030
1.00000;0.03797;0.00003;0.91886;0.00002;0.04312
1.00000;0.20089;0.27426;0.26643;0.04497;0.21345
1.00000;0.99441;0.00001;0.00501;0.00001;0.00055
1.00000;0.04144;0.56661;0.31735;0.02248;0.05211
1.00000;0.22356;0.22730;0.23061;0.08676;0.23177
1.00000;0.18347;0.61903;0.05143;0.06918;0.07689
1.00000;0.01138;0.79380;0.17732;0.00543;0.01207
1.00000;0.22399;0.02316;0.36514;0.09277;0.29495
1.00000;0.06510;0.60169;0.24291;0.02489;0.06542
1.00000;0.02441;0.59368;0.33254;0.00832;0.04105
1.00000;0.03415;0.60903;0.30352;0.00739;0.04591
1.00000;0.23895;0.17403;0.24133;0.11404;0.23165
1.00000;0.00454;0.02424;0.96956;0.00010;0.00156
1.00000;0.46720;0.01656;0.21165;0.01490;0.28968
1.00000;0.41045;0.58466;0.00007;0.00434;0.00048
1.00000;0.00019;0.00198;0.99752;0.00001;0.00030
1.00000;0.16871;0.02199;0.25983;0.28849;0.26098
1.00000;0.20672;0.15128;0.34955;0.04232;0.25013
1.00000;0.00780;0.83628;0.14330;0.00493;0.00768
1.00000;0.20508;0.00188;0.00151;0.00005;0.79149
1.00000;0.73216;0.24085;0.00850;0.01690;0.00159
1.00000;0.96125;0.00014;0.00012;0.00000;0.03850
1.00000;0.06032;0.48347;0.37718;0.00862;0.07041
1.00000;1.00000;0.00000;0.00000;0.00000;0.00000
1.00000;0.20137;0.15485;0.34682;0.04455;0.25241
1.00000;0.05267;0.47790;0.39285;0.01377;0.06281
1.00000;0.26556;0.06120;0.22596;0.14082;0.30646
1.00000;0.19844;0.50597;0.10186;0.07813;0.11560
1.00000;0.19497;0.15261;0.31709;0.10074;0.23459
1.00000;0.91318;0.00011;0.02078;0.00000;0.06593
1.00000;0.01141;0.70877;0.25770;0.00503;0.01708
1.00000;0.00917;0.81975;0.15375;0.00761;0.00972
1.00000;0.01821;0.65280;0.30029;0.00815;0.02055
1.00000;0.18225;0.02189;0.59574;0.02872;0.17140
1.00000;0.19295;0.16900;0.34681;0.04241;0.24883
1.00000;0.97395;0.00240;0.02335;0.00029;0.00001
1.00000;0.18951;0.00812;0.23517;0.38567;0.18154
1.00000;0.21286;0.19274;0.17745;0.18429;0.23266
1.00000;0.16337;0.04888;0.20918;0.38381;0.19476
1.00000;0.00482;0.02453;0.96894;0.00010;0.00161
1.00000;0.20160;0.05578;0.32742;0.08335;0.33186
1.00000;0.00440;0.02398;0.96998;0.00010;0.00154
1.00000;0.01423;0.77122;0.19304;0.00558;0.01593
1.00000;0.06551;0.60580;0.23996;0.02455;0.06418
1.00000;0.14882;0.02560;0.24941;0.27121;0.30496
1.00000;0.25825;0.43049;0.11309;0.11236;0.08582
1.00000;0.02009;0.63672;0.31770;0.01046;0.01502
1.00000;0.19884;0.16261;0.34704;0.04268;0.24883
1.00000;0.01929;0.61379;0.33919;0.00641;0.02131
1.00000;0.19222;0.15240;0.31176;0.10235;0.24127
1.00000;0.25108;0.47428;0.09773;0.06106;0.11585
1.00000;0.02739;0.61331;0.32018;0.00715;0.03197
1.00000;0.01172;0.78812;0.17742;0.00761;0.01513
1.00000;0.88321;0.11038;0.00176;0.00006;0.00459
1.00000;0.20282;0.16212;0.33710;0.04899;0.24897
1.00000;0.23141;0.20999;0.25352;0.07181;0.23326
1.00000;0.05464;0.52386;0.31750;0.01788;0.08612
1.00000;0.07960;0.00005;0.72155;0.00001;0.19879
1.00000;0.49206;0.13139;0.01974;0.14539;0.21142
1.00000;0.01463;0.74161;0.21674;0.00708;0.01994
1.00000;0.31007;0.00014;0.00344;0.68634;0.00000
1.00000;0.00827;0.00000;0.00092;0.00000;0.99081
1.00000;0.24389;0.21212;0.21205;0.08662;0.24532
1.00000;0.02125;0.59133;0.35818;0.00838;0.02086
1.00000;0.10141;0.00018;0.82516;0.00000;0.07325
1.00000;0.32082;0.14726;0.12737;0.09369;0.31086
1.00000;0.07583;0.36747;0.46197;0.01024;0.08450
1.00000;0.22788;0.08871;0.25417;0.17054;0.25869
1.00000;0.02068;0.67509;0.26155;0.01013;0.03255
1.00000;0.45637;0.48267;0.00127;0.05406;0.00563
1.00000;0.34550;0.25304;0.18711;0.03125;0.18309
1.00000;0.21103;0.22599;0.18344;0.10964;0.26990
1.00000;0.18853;0.20100;0.25879;0.10921;0.24246
1.00000;0.03588;0.54857;0.37172;0.00722;0.03660
1.00000;0.20424;0.49227;0.11146;0.08940;0.10263
1.00000;0.29853;0.35036;0.11715;0.05248;0.18148
1.00000;0.00908;0.00002;0.98231;0.00000;0.00859
1.00000;0.41579;0.31387;0.00034;0.26815;0.00184
1.00000;0.04574;0.54615;0.34510;0.02328;0.03972
1.00000;0.15144;0.59983;0.09067;0.06839;0.08967
1.00000;0.06439;0.60452;0.24217;0.02448;0.06445
1.00000;0.99715;0.00283;0.00000;0.00000;0.00001
1.00000;0.01553;0.75719;0.20612;0.00632;0.01485
1.00000;0.21691;0.12998;0.25705;0.09508;0.30099
1.00000;0.60802;0.00049;0.25406;0.00001;0.13742
1.00000;0.23236;0.22052;0.23350;0.09001;0.22360
1.00000;0.20634;0.15669;0.34015;0.04841;0.24841
1.00000;0.20827;0.30685;0.26610;0.04166;0.17712
1.00000;0.12984;0.33097;0.11128;0.33364;0.09427
1.00000;0.22105;0.07344;0.27364;0.12477;0.30711
1.00000;0.00767;0.85186;0.12295;0.00804;0.00949
1.00000;0.06509;0.60497;0.24071;0.02461;0.06463
1.00000;0.01270;0.81526;0.15527;0.00693;0.00985
1.00000;0.00461;0.02389;0.96983;0.00010;0.00157
1.00000;0.04338;0.53623;0.34398;0.02082;0.05559
1.00000;0.20559;0.15563;0.34290;0.04641;0.24948
1.00000;0.06358;0.60741;0.24101;0.02438;0.06362
1.00000;0.01339;0.79304;0.17449;0.00626;0.01282
1.00000;0.23253;0.06969;0.34100;0.05408;0.30270
1.00000;0.00019;0.00196;0.99753;0.00001;0.00030
1.00000;0.81354;0.06514;0.00041;0.11077;0.01014
1.00000;0.01609;0.73468;0.22327;0.00722;0.01875
1.00000;0.30353;0.00204;0.68577;0.00040;0.00826
1.00000;0.12096;0.01563;0.24513;0.45881;0.15948
1.00000;0.19348;0.15878;0.34806;0.04694;0.25274
1.00000;0.57337;0.42653;0.00004;0.00000;0.00006
1.00000;0.02602;0.65191;0.26143;0.00747;0.05317
1.00000;0.12538;0.02909;0.37172;0.41464;0.05917
1.00000;0.99989;0.00010;0.00000;0.00000;0.00000
1.00000;0.26219;0.34659;0.12783;0.08911;0.17427
1.00000;0.15467;0.05879;0.56836;0.01644;0.20174
1.00000;0.03052;0.64866;0.26061;0.01811;0.04210
1.00000;0.06507;0.60312;0.24199;0.02478;0.06503
1.00000;0.22578;0.09512;0.28802;0.04267;0.34840
1.00000;0.01223;0.77946;0.18980;0.00538;0.01313
1.00000;0.44139;0.16439;0.19666;0.00075;0.19681
1.00000;0.01045;0.80952;0.15768;0.00927;0.01308
1.00000;0.06475;0.60592;0.24060;0.02447;0.06426
1.00000;0.20619;0.15660;0.33290;0.05036;0.25395
1.00000;0.24861;0.11422;0.27484;0.09384;0.26849
1.00000;0.13606;0.00001;0.72937;0.00001;0.13455
1.00000;0.06304;0.61039;0.23964;0.02422;0.06270
1.00000;0.56072;0.00026;0.43528;0.00283;0.00091
1.00000;0.00451;0.02414;0.96970;0.00010;0.00155
1.00000;0.28015;0.71983;0.00001;0.00000;0.00001
1.00000;0.20342;0.06911;0.27833;0.14379;0.30535
1.00000;0.99998;0.00001;0.00000;0.00000;0.00001
1.00000;0.82479;0.00104;0.05156;0.00018;0.12243
1.00000;0.00461;0.02565;0.96805;0.00011;0.00158
1.00000;0.00001;0.00000;0.99994;0.00005;0.00000
1.00000;0.18728;0.55370;0.07411;0.09021;0.09470
1.00000;0.02095;0.79289;0.16186;0.00742;0.01687
1.00000;0.25989;0.39239;0.11600;0.12090;0.11082
1.00000;0.12707;0.51343;0.19607;0.03428;0.12915
1.00000;0.00019;0.00204;0.99746;0.00002;0.00030
1.00000;0.06297;0.60759;0.24155;0.02435;0.06353
1.00000;0.73155;0.23772;0.00653;0.02251;0.00169
1.00000;0.20830;0.17187;0.24011;0.16765;0.21207
1.00000;0.03624;0.27975;0.64070;0.00606;0.03725
1.00000;0.79287;0.19872;0.00223;0.00000;0.00618
1.00000;0.22188;0.43974;0.11332;0.04406;0.18099
1.00000;0.41815;0.08462;0.21888;0.01640;0.26195
1.00000;0.03932;0.59875;0.31471;0.00589;0.04133
1.00000;0.00074;0.00001;0.99862;0.00000;0.00063
1.00000;0.00466;0.02467;0.96899;0.00010;0.00158
1.00000;0.19972;0.16564;0.34742;0.04127;0.24595
1.00000;0.20641;0.15571;0.33716;0.04540;0.25531
1.00000;0.33900;0.09683;0.16341;0.04656;0.35420
1.00000;0.25359;0.09520;0.16290;0.04869;0.43962
1.00000;0.67461;0.30464;0.00531;0.00004;0.01539
1.00000;0.15620;0.06939;0.12585;0.51970;0.12887
1.00000;0.20311;0.15405;0.35014;0.04345;0.24926
1.00000;0.22012;0.22358;0.15685;0.16295;0.23650
1.00000;0.99978;0.00007;0.00005;0.00000;0.00010
1.00000;0.00902;0.79163;0.18438;0.00575;0.00923
1.00000;0.06483;0.60325;0.24235;0.02467;0.06490
1.00000;0.41578;0.50143;0.02330;0.02444;0.03506
1.00000;0.20830;0.15339;0.33558;0.04905;0.25368
1.00000;0.19424;0.20863;0.27092;0.11122;0.21499
1.00000;0.22020;0.19348;0.23159;0.11231;0.24242
1.00000;0.19786;0.16513;0.34964;0.04121;0.24616
1.00000;0.14421;0.75316;0.04989;0.00336;0.04938
1.00000;0.01449;0.68473;0.28585;0.00476;0.01017
1.00000;0.00001;0.00000;0.99999;0.00000;0.00000
1.00000;0.01514;0.72385;0.24145;0.00429;0.01527
1.00000;0.01167;0.74308;0.21532;0.00434;0.02560
1.00000;0.00019;0.00196;0.99754;0.00001;0.00030
1.00000;0.23205;0.11643;0.28819;0.06772;0.29560
1.00000;0.03041;0.65707;0.25237;0.02330;0.03684
1.00000;0.01517;0.77724;0.18394;0.00612;0.01753
1.00000;0.00412;0.00001;0.98835;0.00000;0.00753
1.00000;0.54785;0.07816;0.19859;0.02206;0.15334
1.00000;0.14298;0.60351;0.08072;0.10200;0.07079
1.00000;0.14361;0.45073;0.15000;0.14513;0.11054
1.00000;0.30812;0.16898;0.19357;0.06019;0.26913
1.00000;0.01836;0.65274;0.30284;0.00844;0.01762
1.00000;0.00464;0.02391;0.96977;0.00010;0.00158
1.00000;0.99633;0.00284;0.00072;0.00004;0.00008
1.00000;0.20632;0.28318;0.21666;0.03127;0.26257
1.00000;0.27765;0.04752;0.17655;0.17143;0.32684
1.00000;0.02759;0.63007;0.30597;0.00559;0.03078
1.00000;0.58550;0.00061;0.00122;0.00000;0.41267
1.00000;0.00019;0.00197;0.99752;0.00001;0.00030
1.00000;0.25749;0.35724;0.18877;0.02217;0.17432
1.00000;0.06494;0.60306;0.24221;0.02479;0.06500
1.00000;0.01683;0.70433;0.25643;0.00490;0.01752
1.00000;0.00233;0.00003;0.99678;0.00000;0.00086
1.00000;0.19684;0.15574;0.34903;0.04558;0.25280
1.00000;0.15887;0.30472;0.15840;0.15579;0.22221
1.00000;0.21402;0.02329;0.37434;0.11678;0.27157
1.00000;0.04454;0.53297;0.33817;0.01997;0.06435
1.00000;0.19303;0.00139;0.47059;0.14332;0.19167
1.00000;0.06485;0.60402;0.24197;0.02456;0.06461
1.00000;0.01896;0.74181;0.20955;0.00871;0.02097
1.00000;0.06509;0.60560;0.24058;0.02449;0.06423
1.00000;0.06519;0.60423;0.24099;0.02470;0.06490
1.00000;0.04846;0.41795;0.43803;0.01464;0.08093
1.00000;0.08202;0.43000;0.42350;0.00928;0.05520
1.00000;0.24006;0.09404;0.18610;0.20564;0.27416
1.00000;0.99987;0.00009;0.00001;0.00000;0.00004
1.00000;0.62995;0.00296;0.35838;0.00000;0.00871
1.00000;0.28186;0.15546;0.13158;0.15480;0.27629
1.00000;0.20320;0.16180;0.33780;0.04858;0.24861
1.00000;0.06515;0.60398;0.24169;0.02448;0.06470
1.00000;0.19978;0.16010;0.34950;0.04389;0.24672
1.00000;0.20807;0.17076;0.20347;0.19172;0.22598
1.00000;0.40035;0.00183;0.05578;0.00160;0.54044
1.00000;0.16167;0.02574;0.33840;0.19182;0.28236
1.00000;0.72923;0.24030;0.00628;0.02256;0.00163
1.00000;0.19938;0.16428;0.34730;0.04174;0.24730
1.00000;0.00436;0.02387;0.97014;0.00010;0.00153
1.00000;0.25705;0.20929;0.24500;0.05394;0.23473
1.00000;0.78884;0.07607;0.00055;0.12221;0.01233
1.00000;0.03111;0.49892;0.42327;0.01048;0.03621
1.00000;0.21598;0.14672;0.24126;0.05089;0.34516
1.00000;0.00472;0.02418;0.96941;0.00010;0.00160
1.00000;0.30322;0.32843;0.18831;0.03451;0.14552
1.00000;0.14000;0.66062;0.00590;0.18878;0.00470
1.00000;0.11531;0.69026;0.07585;0.06680;0.05178
1.00000;0.99347;0.00611;0.00006;0.00001;0.00035
1.00000;0.40252;0.12927;0.05596;0.10123;0.31103
1.00000;0.06490;0.60325;0.24224;0.02471;0.06489
1.00000;0.02138;0.77999;0.17281;0.00690;0.01892
1.00000;0.65232;0.00102;0.00496;0.34023;0.00146
1.00000;0.26887;0.18788;0.23215;0.07441;0.23669
1.00000;0.21134;0.10128;0.19838;0.21947;0.26952
1.00000;0.17930;0.07356;0.17277;0.40871;0.16566
1.00000;0.19658;0.15937;0.35025;0.04320;0.25060
1.00000;0.04953;0.52345;0.33037;0.02600;0.07065
1.00000;0.03283;0.60271;0.32468;0.00642;0.03337
1.00000;0.06501;0.26450;0.58817;0.01097;0.07136
1.00000;0.98185;0.01666;0.00067;0.00006;0.00076
1.00000;0.04067;0.00002;0.91279;0.00002;0.04650
1.00000;0.06335;0.26548;0.55837;0.00971;0.10309
1.00000;0.01042;0.74261;0.22606;0.00772;0.01319
1.00000;0.73062;0.00003;0.25122;0.00001;0.01811
1.00000;0.32797;0.23527;0.12165;0.06407;0.25104
1.00000;0.00019;0.00195;0.99754;0.00001;0.00030
1.00000;0.20387;0.07363;0.16703;0.34590;0.20957
1.00000;0.21264;0.28589;0.05710;0.34256;0.10180
1.00000;0.00970;0.84482;0.12678;0.00897;0.00973
1.00000;0.06451;0.22506;0.58564;0.01702;0.10778
1.00000;0.06476;0.60630;0.24060;0.02436;0.06399
1.00000;0.20533;0.15221;0.34772;0.04333;0.25142
1.00000;0.99935;0.00059;0.00000;0.00002;0.00004
1.00000;0.12214;0.00004;0.27174;0.00001;0.60607
1.00000;0.00481;0.02461;0.96886;0.00010;0.00161
1.00000;0.06555;0.60542;0.24031;0.02446;0.06426
1.00000;0.01240;0.76717;0.19467;0.00722;0.01853
1.00000;0.19292;0.14442;0.25535;0.10626;0.30104
1.00000;0.17376;0.60061;0.04787;0.09709;0.08067
1.00000;0.16059;0.69853;0.04240;0.06088;0.03760
1.00000;0.00125;0.91176;0.08376;0.00313;0.00009
1.00000;0.00087;0.93387;0.06261;0.00255;0.00009
1.00000;0.01595;0.73008;0.23079;0.00780;0.01538
1.00000;0.00435;0.02498;0.96902;0.00010;0.00154
1.00000;0.04679;0.58204;0.30211;0.02979;0.03927
1.00000;0.00212;0.00001;0.99646;0.00001;0.00140
1.00000;0.30698;0.00007;0.48973;0.20316;0.00006
1.00000;0.17809;0.03666;0.27733;0.24277;0.26515
1.00000;0.03925;0.46453;0.42227;0.01378;0.06015
1.00000;0.09615;0.22207;0.46634;0.01758;0.19786
1.00000;0.00425;0.02544;0.96870;0.00011;0.00151
1.00000;0.03877;0.51044;0.37170;0.01058;0.06852
1.00000;0.55418;0.00096;0.00816;0.00000;0.43670
1.00000;0.09197;0.00023;0.84873;0.00034;0.05873
1.00000;0.04399;0.57102;0.33132;0.00581;0.04786
1.00000;0.84305;0.08650;0.00646;0.00188;0.06210
1.00000;0.02138;0.68574;0.25472;0.00882;0.02933
1.00000;0.18099;0.52887;0.11454;0.06162;0.11398
1.00000;0.01547;0.73724;0.21955;0.00875;0.01899
1.00000;0.72998;0.24216;0.00754;0.01870;0.00163
1.00000;0.13491;0.60773;0.02704;0.20877;0.02155
1.00000;0.07214;0.78898;0.00338;0.13245;0.00304
1.00000;0.06486;0.60416;0.24167;0.02464;0.06467
1.00000;0.29217;0.13492;0.15404;0.13506;0.28381
1.00000;0.00460;0.02410;0.96963;0.00010;0.00157
1.00000;0.99990;0.00008;0.00000;0.00000;0.00002
1.00000;0.99999;0.00001;0.00000;0.00000;0.00000
1.00000;0.53469;0.00212;0.45774;0.00000;0.00545
1.00000;0.23713;0.04134;0.24617;0.20411;0.27124
1.00000;0.24895;0.04156;0.28734;0.10443;0.31773
1.00000;0.00724;0.83575;0.14536;0.00510;0.00655
1.00000;0.03698;0.62909;0.26503;0.02056;0.04833
1.00000;0.13968;0.03378;0.31490;0.26302;0.24862
1.00000;0.00451;0.02394;0.96989;0.00010;0.00156
1.00000;0.25230;0.16746;0.25766;0.05326;0.26932
1.00000;0.22232;0.10162;0.23114;0.18381;0.26111
1.00000;0.18992;0.26581;0.17017;0.15803;0.21608
1.00000;0.04239;0.55463;0.35112;0.00544;0.04641
1.00000;0.99999;0.00001;0.00000;0.00000;0.00000
1.00000;0.50621;0.09858;0.15229;0.03499;0.20793
1.00000;0.00938;0.80903;0.16223;0.00936;0.01000
1.00000;0.03699;0.56411;0.34904;0.00721;0.04265
1.00000;0.23861;0.05321;0.22901;0.14255;0.33662
1.00000;0.00464;0.02486;0.96884;0.00010;0.00157
1.00000;0.73085;0.23973;0.00715;0.02068;0.00159
1.00000;0.02617;0.64086;0.29854;0.00627;0.02817
1.00000;0.04940;0.52141;0.33654;0.01579;0.07687
1.00000;0.20341;0.15765;0.34668;0.04488;0.24737
1.00000;0.25647;0.13612;0.21477;0.09257;0.30008
1.00000;0.00904;0.81363;0.16030;0.00562;0.01142
1.00000;0.01110;0.84022;0.13359;0.00687;0.00823
1.00000;0.06308;0.61027;0.23944;0.02438;0.06284
1.00000;0.00019;0.00201;0.99749;0.00001;0.00030
1.00000;0.21021;0.06110;0.22692;0.03720;0.46456
1.00000;0.20341;0.09854;0.40126;0.09465;0.20214
1.00000;0.06390;0.60711;0.24123;0.02420;0.06355
1.00000;0.08169;0.33797;0.00611;0.56336;0.01087
1.00000;0.99936;0.00049;0.00002;0.00000;0.00013
1.00000;0.60012;0.37693;0.02267;0.00000;0.00028
1.00000;0.01607;0.68913;0.26709;0.00798;0.01972
1.00000;0.16423;0.41671;0.10729;0.15120;0.16056
1.00000;0.22425;0.12727;0.21852;0.18319;0.24676
1.00000;0.20969;0.08811;0.17489;0.27603;0.25129
1.00000;0.19710;0.16512;0.35120;0.04095;0.24564
1.00000;0.21774;0.59596;0.07128;0.03421;0.08081
1.00000;0.19744;0.16663;0.35166;0.04058;0.24369
1.00000;0.18766;0.31141;0.19114;0.12057;0.18923
1.00000;0.00970;0.81992;0.14951;0.00715;0.01371
1.00000;0.20823;0.02106;0.29511;0.16690;0.30869
1.00000;0.23510;0.25157;0.20818;0.06534;0.23982
1.00000;0.06512;0.60361;0.24187;0.02460;0.06480
1.00000;0.06544;0.60166;0.24279;0.02478;0.06533
1.00000;0.27280;0.26552;0.17296;0.04996;0.23876
1.00000;0.00019;0.00195;0.99754;0.00001;0.00030
1.00000;0.06498;0.60651;0.24006;0.02448;0.06397
1.00000;0.00003;0.01111;0.98885;0.00001;0.00000
1.00000;0.00464;0.02481;0.96888;0.00010;0.00157
1.00000;0.23177;0.20879;0.27995;0.04026;0.23922
1.00000;0.05762;0.34030;0.50606;0.00960;0.08642
1.00000;0.04974;0.22343;0.63516;0.01262;0.07905
1.00000;0.81110;0.06543;0.00087;0.10167;0.02093
1.00000;0.08978;0.24373;0.55135;0.01171;0.10344
1.00000;0.06388;0.60600;0.24154;0.02450;0.06409
1.00000;0.06503;0.60647;0.24009;0.02445;0.06397
1.00000;0.01661;0.76320;0.19366;0.00806;0.01846
1.00000;0.00464;0.02424;0.96945;0.00010;0.00158
1.00000;0.66901;0.00012;0.21372;0.00003;0.11712
1.00000;0.03278;0.00441;0.96080;0.00001;0.00199
1.00000;0.00462;0.02484;0.96887;0.00010;0.00157
1.00000;0.02565;0.73809;0.18691;0.00591;0.04344
1.00000;0.00019;0.00195;0.99755;0.00001;0.00030
1.00000;0.16668;0.30460;0.04337;0.42173;0.06361
1.00000;0.43424;0.52575;0.00337;0.03063;0.00602
1.00000;0.72110;0.24613;0.00618;0.02486;0.00172
1.00000;0.72076;0.24722;0.00604;0.02425;0.00172
1.00000;0.19570;0.48667;0.12273;0.10916;0.08574
1.00000;0.25261;0.07211;0.23422;0.21416;0.22689
1.00000;0.16583;0.00855;0.50873;0.15431;0.16259
1.00000;0.16588;0.01500;0.21498;0.37052;0.23361
1.00000;0.23110;0.04672;0.30185;0.06365;0.35668
1.00000;0.02911;0.49439;0.43262;0.00639;0.03748
1.00000;0.23041;0.02005;0.44194;0.10812;0.19948
1.00000;0.01112;0.80090;0.16649;0.00972;0.01178
1.00000;0.01827;0.70315;0.25306;0.00829;0.01723
1.00000;0.17898;0.15682;0.28676;0.13745;0.23999
1.00000;0.14952;0.68412;0.04209;0.07240;0.05187
1.00000;0.22685;0.17189;0.25958;0.10242;0.23927
1.00000;0.02643;0.67521;0.25974;0.01198;0.02665
1.00000;0.99991;0.00008;0.00001;0.00000;0.00000
1.00000;0.06448;0.60435;0.24185;0.02469;0.06464
1.00000;0.10698;0.73789;0.00644;0.14287;0.00583
1.00000;0.10522;0.15794;0.60117;0.01302;0.12265
1.00000;0.00093;0.91227;0.08381;0.00290;0.00008
1.00000;0.00951;0.82688;0.14315;0.00939;0.01107
1.00000;0.24880;0.00059;0.45473;0.00001;0.29587
1.00000;0.00019;0.00191;0.99758;0.00001;0.00030
1.00000;0.22787;0.07431;0.29873;0.05262;0.34647
1.00000;0.00019;0.00191;0.99758;0.00001;0.00030
1.00000;0.21342;0.02387;0.32887;0.17080;0.26304
1.00000;0.99968;0.00002;0.00013;0.00000;0.00017
1.00000;0.99977;0.00022;0.00000;0.00000;0.00001
1.00000;0.00112;0.91109;0.08468;0.00302;0.00009
1.00000;0.19716;0.15725;0.34754;0.04589;0.25215
1.00000;0.06526;0.60257;0.24225;0.02474;0.06517
1.00000;0.81010;0.06642;0.00079;0.10665;0.01604
1.00000;0.65854;0.33782;0.00011;0.00136;0.00217
1.00000;0.06463;0.21586;0.59677;0.00961;0.11313
1.00000;0.10445;0.09244;0.62301;0.02232;0.15777
1.00000;0.99939;0.00057;0.00001;0.00000;0.00003
1.00000;0.99973;0.00027;0.00000;0.00000;0.00000
1.00000;0.26248;0.05050;0.26523;0.09818;0.32360
1.00000;0.27189;0.37750;0.17361;0.01678;0.16021
1.00000;0.00467;0.02533;0.96832;0.00010;0.00157
1.00000;0.06559;0.60576;0.23995;0.02450;0.06420
1.00000;0.05314;0.35454;0.49393;0.01036;0.08803
1.00000;0.15139;0.00391;0.33965;0.29105;0.21401
1.00000;0.06406;0.60635;0.24112;0.02445;0.06401
1.00000;0.22609;0.60279;0.04800;0.08899;0.03413
1.00000;0.26215;0.15315;0.30453;0.03009;0.25009
1.00000;0.00985;0.83728;0.13132;0.00869;0.01286
1.00000;0.06552;0.60580;0.23996;0.02454;0.06419
1.00000;0.00872;0.83964;0.13118;0.00921;0.01126
1.00000;0.02117;0.70865;0.24431;0.00441;0.02147
1.00000;0.01382;0.75070;0.21564;0.00581;0.01403
1.00000;0.01879;0.00001;0.96554;0.00000;0.01567
1.00000;0.20614;0.15993;0.33470;0.04606;0.25319
1.00000;0.01011;0.84622;0.12766;0.00675;0.00926
1.00000;0.98326;0.01672;0.00000;0.00000;0.00001
1.00000;0.19914;0.15837;0.35330;0.04301;0.24617
1.00000;0.00476;0.02455;0.96899;0.00010;0.00160
1.00000;0.20868;0.15010;0.33504;0.05045;0.25574
1.00000;0.24805;0.13889;0.20729;0.08766;0.31812
1.00000;0.00899;0.80886;0.16476;0.00761;0.00978
1.00000;0.06818;0.00015;0.86454;0.00001;0.06713
1.00000;0.23346;0.03266;0.13021;0.27847;0.32520
1.00000;0.20765;0.43821;0.11111;0.11494;0.12809
1.00000;0.28235;0.05014;0.39262;0.05136;0.22352
1.00000;0.22772;0.36554;0.12252;0.10550;0.17873
1.00000;0.24595;0.10694;0.23503;0.14059;0.27150
1.00000;0.08337;0.00090;0.13681;0.67148;0.10743
1.00000;0.15739;0.39601;0.24474;0.05791;0.14395
1.00000;0.01226;0.72422;0.24930;0.00524;0.00898
1.00000;0.09002;0.80061;0.03316;0.04480;0.03140
1.00000;0.12227;0.43302;0.02041;0.38862;0.03568
1.00000;0.27285;0.46679;0.09345;0.04788;0.11903
1.00000;0.20874;0.16033;0.33213;0.04739;0.25141
1.00000;0.20882;0.15431;0.33824;0.04712;0.25152
1.00000;0.18100;0.19977;0.32477;0.07490;0.21956
1.00000;0.19281;0.16789;0.34820;0.04201;0.24909
1.00000;0.01844;0.96924;0.00233;0.00772;0.00227
1.00000;0.00019;0.00199;0.99751;0.00001;0.00030
1.00000;0.29061;0.70491;0.00016;0.00428;0.00005
1.00000;0.01454;0.72991;0.22776;0.00775;0.02004
1.00000;0.23326;0.05900;0.31499;0.04827;0.34448
1.00000;0.66715;0.12532;0.05869;0.00607;0.14278
1.00000;0.99235;0.00014;0.00019;0.00732;0.00001
1.00000;0.01130;0.74967;0.21721;0.00705;0.01477
1.00000;0.22986;0.00034;0.52988;0.00000;0.23992
1.00000;0.12027;0.70183;0.02791;0.12393;0.02606
1.00000;0.19753;0.15544;0.34824;0.04565;0.25314
1.00000;0.20315;0.15502;0.34858;0.04369;0.24956
1.00000;0.16876;0.03877;0.32017;0.10341;0.36889
1.00000;0.00974;0.81139;0.16359;0.00502;0.01025
1.00000;0.19507;0.16119;0.34622;0.04667;0.25084
1.00000;0.22582;0.09700;0.20777;0.24820;0.22121
1.00000;0.51958;0.09729;0.01701;0.21416;0.15196
1.00000;0.15564;0.34654;0.19195;0.11194;0.19393
1.00000;0.00000;0.00000;1.00000;0.00000;0.00000
1.00000;0.00944;0.82323;0.14823;0.00929;0.00980
1.00000;0.04454;0.26764;0.63871;0.00543;0.04367
1.00000;0.05412;0.55495;0.38485;0.00346;0.00262
1.00000;0.06491;0.60382;0.24194;0.02465;0.06468
1.00000;0.01657;0.87930;0.10098;0.00191;0.00124
1.00000;0.20034;0.15899;0.34338;0.04568;0.25161
1.00000;0.16789;0.46954;0.10535;0.16451;0.09271
1.00000;0.18088;0.21480;0.34504;0.03812;0.22116
1.00000;0.21932;0.39963;0.15440;0.04971;0.17695
1.00000;0.03440;0.46670;0.45096;0.01170;0.03623
1.00000;0.04792;0.00013;0.91967;0.00001;0.03227
1.00000;0.00424;0.02533;0.96880;0.00011;0.00152
1.00000;0.22560;0.08612;0.32180;0.12902;0.23746
1.00000;0.69607;0.30154;0.00002;0.00138;0.00098
1.00000;0.06439;0.60555;0.24128;0.02455;0.06424
1.00000;0.01399;0.70161;0.26324;0.00548;0.01567
1.00000;0.00070;0.97872;0.01891;0.00162;0.00005
1.00000;0.05449;0.76601;0.00359;0.17305;0.00285
1.00000;0.14601;0.64896;0.08755;0.04605;0.07143
1.00000;0.33375;0.10297;0.14909;0.05770;0.35650
1.00000;0.01880;0.71112;0.23009;0.01193;0.02807
1.00000;0.06417;0.60797;0.24012;0.02431;0.06343
1.00000;0.22832;0.12772;0.24488;0.08289;0.31619
1.00000;0.05129;0.29056;0.57908;0.00991;0.06916
1.00000;0.01177;0.79360;0.17545;0.00595;0.01323
1.00000;0.00463;0.02422;0.96947;0.00010;0.00158
1.00000;0.00976;0.83018;0.14211;0.00663;0.01132
1.00000;0.20590;0.15620;0.34347;0.04567;0.24876
1.00000;0.24436;0.00057;0.27380;0.19617;0.28510
1.00000;0.00469;0.02422;0.96940;0.00010;0.00159
1.00000;0.99988;0.00011;0.00000;0.00000;0.00001
1.00000;0.01752;0.00990;0.01234;0.96023;0.00000
1.00000;0.99980;0.00020;0.00000;0.00000;0.00000
1.00000;0.20076;0.07413;0.16886;0.32254;0.23372
1.00000;0.31353;0.23775;0.15011;0.15482;0.14379
1.00000;0.15467;0.44902;0.09350;0.19699;0.10583
1.00000;0.97443;0.02544;0.00001;0.00002;0.00010
1.00000;0.88992;0.11002;0.00004;0.00000;0.00002
1.00000;0.45350;0.53992;0.00416;0.00218;0.00024
1.00000;0.00287;0.00000;0.99528;0.00001;0.00184
1.00000;0.20471;0.44635;0.18918;0.03345;0.12631
1.00000;0.14319;0.00209;0.44618;0.16213;0.24641
1.00000;0.00019;0.00197;0.99753;0.00001;0.00030
1.00000;0.20405;0.15840;0.33475;0.04922;0.25357
1.00000;0.00019;0.00200;0.99750;0.00001;0.00030
1.00000;0.20240;0.15721;0.34475;0.04597;0.24967
1.00000;0.20103;0.15962;0.34653;0.04562;0.24720
1.00000;0.04658;0.54024;0.34794;0.02439;0.04085
1.00000;0.06542;0.60506;0.24067;0.02455;0.06430
1.00000;0.01139;0.77479;0.19137;0.01117;0.01128
1.00000;0.21718;0.03005;0.18815;0.30332;0.26130
1.00000;0.99835;0.00162;0.00001;0.00000;0.00002
1.00000;0.20746;0.15627;0.33588;0.04635;0.25404
1.00000;0.00000;0.00000;1.00000;0.00000;0.00000
1.00000;0.01032;0.80803;0.16263;0.00630;0.01273
1.00000;0.36512;0.00074;0.63285;0.00000;0.00128
1.00000;0.15633;0.65786;0.07367;0.01002;0.10212
1.00000;0.21818;0.52518;0.12927;0.03515;0.09221
1.00000;0.02230;0.53814;0.40789;0.00801;0.02366
1.00000;0.22987;0.03727;0.30243;0.12159;0.30884
1.00000;0.00123;0.91418;0.08137;0.00314;0.00008
1.00000;0.06145;0.39156;0.47221;0.01436;0.06041
1.00000;0.00196;0.00007;0.99573;0.00005;0.00219
1.00000;0.63444;0.04538;0.01682;0.09288;0.21048
1.00000;0.06207;0.20017;0.64835;0.01122;0.07820
1.00000;0.15428;0.82906;0.00000;0.01665;0.00000
1.00000;0.06511;0.60323;0.24224;0.02459;0.06483
1.00000;0.02857;0.54716;0.38241;0.01124;0.03062
1.00000;0.28443;0.00011;0.56056;0.00000;0.15490
1.00000;0.01928;0.81227;0.15375;0.00611;0.00858
1.00000;0.06486;0.60619;0.24050;0.02446;0.06399
1.00000;0.04380;0.42795;0.44289;0.01193;0.07342
1.00000;0.00902;0.82924;0.14175;0.00929;0.01070
1.00000;0.15820;0.75906;0.01696;0.03005;0.03573
1.00000;0.22398;0.58766;0.01016;0.16850;0.00969
1.00000;0.24131;0.06635;0.38335;0.05144;0.25755
1.00000;0.23492;0.06476;0.26617;0.10682;0.32734
1.00000;0.00117;0.91121;0.08447;0.00306;0.00009
1.00000;0.22497;0.45165;0.17272;0.00675;0.14391
1.00000;0.00439;0.02511;0.96886;0.00011;0.00154
1.00000;0.00179;0.00000;0.99676;0.00000;0.00145
1.00000;0.17715;0.58085;0.07572;0.10080;0.06548
1.00000;0.01230;0.79901;0.17004;0.00698;0.01167
1.00000;0.02189;0.74778;0.19894;0.00522;0.02616
1.00000;0.02794;0.56128;0.36744;0.01159;0.03175
1.00000;0.00019;0.00196;0.99754;0.00001;0.00030
1.00000;0.00913;0.78768;0.18966;0.00432;0.00922
1.00000;0.14633;0.49428;0.15335;0.05860;0.14743
1.00000;0.06317;0.60903;0.24061;0.02416;0.06303
1.00000;0.18724;0.03158;0.48507;0.07063;0.22549
1.00000;0.98333;0.00596;0.00481;0.00000;0.00590
1.00000;0.70562;0.10442;0.00089;0.17630;0.01276
1.00000;0.08427;0.23334;0.55864;0.01283;0.11092
1.00000;0.00900;0.79131;0.18305;0.00548;0.01117
1.00000;0.01003;0.83361;0.13452;0.00844;0.01341
1.00000;0.24100;0.31214;0.18370;0.04270;0.22046
1.00000;0.72883;0.24357;0.00760;0.01838;0.00161
1.00000;0.99918;0.00002;0.00001;0.00000;0.00079
1.00000;0.00967;0.76168;0.20853;0.00899;0.01113
1.00000;0.22955;0.06902;0.27423;0.09787;0.32934
1.00000;0.00019;0.00195;0.99755;0.00001;0.00030
1.00000;0.20460;0.39478;0.06398;0.23784;0.09880
1.00000;0.00972;0.00001;0.82879;0.00000;0.16148
1.00000;0.06402;0.60557;0.24187;0.02439;0.06414
1.00000;0.20123;0.15660;0.34547;0.04437;0.25234
1.00000;0.09858;0.09114;0.64294;0.01711;0.15023
1.00000;0.20786;0.15882;0.33652;0.04737;0.24944
1.00000;0.06248;0.48029;0.40035;0.00823;0.04864
1.00000;0.19890;0.16437;0.34567;0.04347;0.24759
1.00000;0.18028;0.35571;0.26732;0.07420;0.12249
1.00000;0.24696;0.00004;0.52406;0.00003;0.22892
1.00000;0.00093;0.91232;0.08377;0.00290;0.00008
1.00000;0.01083;0.80070;0.16864;0.00587;0.01395
1.00000;0.07712;0.86588;0.00097;0.05524;0.00078
1.00000;0.73214;0.23842;0.00712;0.02070;0.00161
1.00000;0.19854;0.16309;0.35129;0.04097;0.24611
1.00000;0.24289;0.42744;0.10032;0.00768;0.22167
1.00000;0.11108;0.18939;0.57125;0.01020;0.11808
1.00000;0.21758;0.34314;0.20550;0.06022;0.17356
1.00000;0.06255;0.61073;0.24021;0.02400;0.06251
1.00000;0.00919;0.79798;0.17420;0.00698;0.01165
1.00000;0.20912;0.28355;0.21133;0.08774;0.20827
1.00000;0.04301;0.67396;0.19087;0.00748;0.08468
1.00000;0.06489;0.60587;0.24071;0.02440;0.06413
1.00000;0.05514;0.00019;0.29640;0.00029;0.64798
1.00000;0.25698;0.11463;0.26473;0.09127;0.27239
1.00000;0.01426;0.77003;0.19348;0.00533;0.01690
1.00000;0.02924;0.57481;0.34854;0.01066;0.03676
1.00000;0.82288;0.17127;0.00439;0.00053;0.00093
1.00000;0.21877;0.06423;0.24620;0.19061;0.28018
1.00000;0.00799;0.82916;0.15096;0.00423;0.00767
1.00000;0.01190;0.80044;0.16434;0.00598;0.01733
1.00000;0.23812;0.50438;0.04087;0.19085;0.02578
1.00000;0.26807;0.36901;0.18730;0.03078;0.14484
1.00000;0.29431;0.14642;0.25439;0.06331;0.24157
1.00000;0.02526;0.52525;0.41557;0.00932;0.02460
1.00000;0.20228;0.20111;0.22940;0.12267;0.24454
1.00000;0.99996;0.00003;0.00000;0.00000;0.00001
1.00000;0.00839;0.84923;0.12754;0.00599;0.00885
1.00000;0.99998;0.00001;0.00000;0.00000;0.00001
1.00000;0.17883;0.54319;0.12451;0.04989;0.10357
1.00000;0.71894;0.11316;0.00220;0.13548;0.03022
1.00000;0.99998;0.00001;0.00000;0.00000;0.00001
1.00000;0.24036;0.14165;0.28167;0.07920;0.25712
1.00000;0.15357;0.44494;0.22259;0.02772;0.15119
1.00000;0.01424;0.73646;0.22287;0.00847;0.01796
1.00000;0.22755;0.47325;0.10339;0.07126;0.12455
1.00000;0.29999;0.39916;0.10450;0.11003;0.08632
