1.00000;0.85180;0.00058;0.00002;0.00036;0.14723
1.00000;0.14199;0.00193;0.68918;0.00625;0.16065
1.00000;0.25979;0.00232;0.00081;0.03760;0.69949
1.00000;0.76990;0.00084;0.00010;0.00406;0.22510
1.00000;0.00000;0.00000;0.00000;0.99993;0.00007
1.00000;0.15569;0.00773;0.68159;0.01468;0.14030
1.00000;0.00000;0.00000;0.00000;1.00000;0.00000
1.00000;0.19442;0.00017;0.00001;0.00638;0.79901
1.00000;0.93468;0.00336;0.00060;0.00002;0.06134
1.00000;0.30110;0.00339;0.10058;0.02541;0.56953
1.00000;0.00000;0.00000;0.00000;1.00000;0.00000
1.00000;0.04528;0.00004;0.70354;0.00004;0.25110
1.00000;0.92970;0.06938;0.00000;0.00001;0.00091
1.00000;0.12189;0.00009;0.00004;0.58815;0.28984
1.00000;0.15528;0.84440;0.00001;0.00015;0.00016
1.00000;0.17902;0.82076;0.00003;0.00000;0.00019
1.00000;0.00000;0.00000;0.00000;0.99999;0.00001
1.00000;0.10297;0.00276;0.07639;0.07229;0.74559
1.00000;0.00000;0.00000;0.00000;0.99959;0.00041
1.00000;0.28584;0.00021;0.00163;0.00002;0.71230
1.00000;0.99004;0.00942;0.00000;0.00000;0.00054
1.00000;0.00000;0.00000;0.00000;1.00000;0.00000
1.00000;0.49214;0.00556;0.00000;0.34105;0.16125
1.00000;0.20570;0.00234;0.00123;0.18805;0.60268
1.00000;0.76097;0.22306;0.00021;0.00001;0.01575
1.00000;0.99114;0.00836;0.00000;0.00000;0.00049
1.00000;0.00001;0.00000;0.00000;0.98984;0.01015
1.00000;0.31420;0.00439;0.00964;0.01910;0.65268
1.00000;0.00000;0.00000;0.00000;0.99986;0.00014
1.00000;0.27238;0.00144;0.00233;0.00260;0.72125
1.00000;0.38248;0.60135;0.01396;0.00011;0.00211
1.00000;0.00000;0.00000;0.00000;0.99982;0.00018
1.00000;0.59154;0.40807;0.00002;0.00008;0.00029
1.00000;0.18465;0.13429;0.62448;0.00219;0.05440
1.00000;0.06163;0.93834;0.00000;0.00000;0.00003
1.00000;0.00001;0.00000;0.00000;0.99976;0.00023
1.00000;0.04147;0.00294;0.92480;0.00059;0.03020
1.00000;0.76622;0.00019;0.00004;0.00039;0.23316
1.00000;0.35603;0.00019;0.00003;0.24063;0.40313
1.00000;0.00000;0.00000;0.00000;0.99961;0.00039
1.00000;0.00001;0.00000;0.00000;0.99898;0.00101
1.00000;0.19193;0.00105;0.00590;0.03947;0.76165
1.00000;0.04389;0.00099;0.74764;0.03302;0.17446
1.00000;0.30201;0.00039;0.00110;0.01291;0.68359
1.00000;0.00000;0.00000;0.00000;0.99998;0.00002
1.00000;0.11587;0.88413;0.00000;0.00000;0.00000
1.00000;0.01456;0.00054;0.95479;0.00048;0.02963
1.00000;0.24608;0.00809;0.56323;0.01086;0.17173
1.00000;0.33382;0.00137;0.00404;0.03758;0.62319
1.00000;0.11122;0.00006;0.00006;0.00198;0.88668
1.00000;0.00039;0.00001;0.00000;0.99236;0.00724
1.00000;0.00000;0.00000;0.00000;1.00000;0.00000
1.00000;0.17505;0.23320;0.57383;0.00039;0.01753
1.00000;0.19327;0.03510;0.10764;0.00058;0.66341
1.00000;0.08609;0.91391;0.00000;0.00000;0.00000
1.00000;0.96449;0.00293;0.00000;0.00021;0.03236
1.00000;0.00000;0.00000;0.00000;0.99965;0.00034
1.00000;0.47255;0.09985;0.33621;0.00256;0.08883
1.00000;0.74557;0.00730;0.00009;0.01871;0.22833
1.00000;0.00001;0.00000;0.00000;0.91694;0.08306
1.00000;0.10291;0.00005;0.00191;0.00004;0.89509
1.00000;0.15972;0.00128;0.00035;0.02332;0.81534
1.00000;0.00000;0.00000;0.00000;0.99986;0.00014
1.00000;0.76480;0.00041;0.00005;0.00016;0.23458
1.00000;0.33282;0.15201;0.26913;0.01556;0.23048
1.00000;0.31830;0.00354;0.24423;0.00987;0.42406
1.00000;0.00000;0.00000;0.00000;0.98119;0.01881
1.00000;0.88801;0.00246;0.00000;0.00519;0.10434
1.00000;0.23472;0.00008;0.00009;0.00734;0.75778
1.00000;0.00000;0.00000;0.00000;0.99999;0.00001
1.00000;0.04229;0.00187;0.03424;0.01452;0.90708
1.00000;0.00308;0.00000;0.00009;0.00057;0.99626
1.00000;0.05134;0.94866;0.00000;0.00000;0.00000
1.00000;0.00407;0.00030;0.98609;0.00007;0.00946
1.00000;0.13625;0.00010;0.00003;0.00962;0.85400
1.00000;0.47399;0.00068;0.00001;0.50415;0.02117
1.00000;0.43943;0.26537;0.26297;0.00355;0.02868
1.00000;0.00000;0.00000;0.00000;1.00000;0.00000
1.00000;0.98090;0.00901;0.00019;0.00000;0.00990
1.00000;0.07645;0.00069;0.83656;0.00816;0.07814
1.00000;0.31277;0.00327;0.04238;0.00654;0.63504
1.00000;0.15215;0.00036;0.06080;0.09476;0.69193
1.00000;0.80506;0.18563;0.00002;0.00000;0.00930
1.00000;0.63580;0.15853;0.00095;0.00018;0.20454
1.00000;0.76517;0.00180;0.00257;0.00046;0.23001
1.00000;0.07754;0.92234;0.00002;0.00003;0.00007
1.00000;0.00000;0.00000;0.00000;0.99881;0.00118
1.00000;0.00568;0.00000;0.00006;0.00094;0.99332
1.00000;0.66216;0.30505;0.00753;0.00022;0.02504
1.00000;0.06757;0.00011;0.00032;0.00008;0.93192
1.00000;0.00004;0.00000;0.00000;0.99831;0.00166
1.00000;0.45454;0.47504;0.05569;0.00163;0.01309
1.00000;0.00000;0.00000;0.00000;1.00000;0.00000
1.00000;0.34639;0.00051;0.08855;0.00210;0.56244
1.00000;0.46860;0.01105;0.04646;0.02371;0.45018
1.00000;0.37541;0.03969;0.00405;0.00176;0.57909
1.00000;0.00000;0.00000;0.00000;0.99997;0.00003
1.00000;0.00000;0.00000;0.00000;0.99954;0.00046
1.00000;0.08231;0.91735;0.00019;0.00000;0.00015
1.00000;0.00000;0.00000;0.00000;0.99949;0.00051
1.00000;0.86462;0.13535;0.00000;0.00000;0.00003
1.00000;0.57052;0.42318;0.00003;0.00000;0.00627
1.00000;0.00000;0.00000;0.00000;0.99993;0.00007
1.00000;0.03511;0.00001;0.00017;0.04094;0.92377
1.00000;0.05061;0.94939;0.00000;0.00000;0.00000
1.00000;0.01843;0.98157;0.00000;0.00000;0.00000
1.00000;0.54168;0.09725;0.19278;0.00983;0.15846
1.00000;0.29372;0.70539;0.00003;0.00002;0.00085
1.00000;0.03415;0.00069;0.85041;0.00369;0.11106
1.00000;0.30966;0.00027;0.00057;0.00104;0.68846
1.00000;0.44932;0.01394;0.00486;0.00138;0.53049
1.00000;0.00000;0.00000;0.00000;0.99883;0.00116
1.00000;0.00000;0.00000;0.00000;0.99996;0.00004
1.00000;0.00615;0.00040;0.98567;0.00004;0.00774
1.00000;0.53361;0.00054;0.00081;0.00039;0.46465
1.00000;0.01056;0.00134;0.98233;0.00008;0.00569
1.00000;0.10418;0.89575;0.00001;0.00001;0.00005
1.00000;0.00004;0.00001;0.00000;0.99964;0.00031
1.00000;0.00000;0.00000;0.00000;0.99981;0.00018
1.00000;0.29933;0.69692;0.00002;0.00002;0.00372
1.00000;0.16266;0.83734;0.00000;0.00000;0.00000
1.00000;0.00000;0.00000;0.00000;0.99994;0.00006
1.00000;0.00011;0.00000;0.00000;0.54915;0.45074
1.00000;0.01675;0.00020;0.97751;0.00000;0.00553
1.00000;0.46764;0.51153;0.01070;0.00029;0.00984
1.00000;0.04640;0.00001;0.00210;0.00951;0.94197
1.00000;0.00727;0.99272;0.00000;0.00000;0.00000
1.00000;0.11136;0.88851;0.00001;0.00003;0.00009
1.00000;0.00045;0.00000;0.00005;0.00004;0.99947
1.00000;0.27244;0.00027;0.00146;0.00168;0.72414
1.00000;0.07087;0.92909;0.00000;0.00001;0.00003
1.00000;0.00000;0.00000;0.00000;1.00000;0.00000
1.00000;0.05331;0.94669;0.00000;0.00000;0.00000
1.00000;0.25202;0.00221;0.00085;0.03173;0.71319
1.00000;0.47510;0.51501;0.00010;0.00685;0.00295
1.00000;0.11057;0.88936;0.00001;0.00001;0.00005
1.00000;0.06008;0.93992;0.00000;0.00000;0.00000
1.00000;0.13622;0.86146;0.00000;0.00216;0.00016
1.00000;0.09217;0.90776;0.00000;0.00003;0.00004
1.00000;0.00248;0.00000;0.00000;0.90362;0.09390
1.00000;0.03305;0.00005;0.81371;0.00000;0.15319
1.00000;0.99108;0.00721;0.00001;0.00000;0.00171
1.00000;0.49992;0.01884;0.00285;0.00082;0.47757
1.00000;0.37576;0.22861;0.28446;0.00038;0.11079
1.00000;0.22525;0.00200;0.02175;0.00300;0.74800
1.00000;0.01159;0.00002;0.00002;0.25889;0.72949
1.00000;0.33950;0.01729;0.35761;0.00667;0.27894
1.00000;0.28590;0.00225;0.00176;0.02196;0.68813
1.00000;0.11327;0.88673;0.00000;0.00000;0.00000
1.00000;0.00000;0.00000;0.00000;0.99962;0.00038
1.00000;0.38909;0.00018;0.00556;0.06849;0.53668
1.00000;0.76679;0.20848;0.00004;0.00620;0.01849
1.00000;0.00001;0.00000;0.00000;0.99921;0.00078
1.00000;0.02913;0.00021;0.00075;0.00061;0.96929
1.00000;0.03603;0.96397;0.00000;0.00000;0.00000
1.00000;0.51343;0.46609;0.00009;0.00024;0.02016
1.00000;0.08040;0.00004;0.00050;0.00008;0.91899
1.00000;0.09328;0.00109;0.74808;0.00028;0.15727
1.00000;0.46349;0.30630;0.04559;0.02345;0.16116
1.00000;0.53687;0.07341;0.09087;0.00672;0.29214
1.00000;0.00000;0.00000;0.00000;1.00000;0.00000
1.00000;0.29771;0.00014;0.00014;0.00396;0.69806
1.00000;0.77775;0.19791;0.00001;0.00488;0.01944
1.00000;0.69221;0.02221;0.01941;0.02624;0.23992
1.00000;0.19017;0.00325;0.00201;0.00784;0.79672
1.00000;0.47905;0.40534;0.09340;0.00306;0.01914
1.00000;0.28660;0.00040;0.01866;0.00019;0.69416
1.00000;0.00000;0.00000;0.00000;0.99996;0.00004
1.00000;0.00897;0.00135;0.98536;0.00017;0.00415
1.00000;0.67992;0.00098;0.00112;0.00172;0.31626
1.00000;0.13863;0.86088;0.00001;0.00032;0.00017
1.00000;0.00000;0.00000;0.00000;0.99966;0.00034
1.00000;0.11436;0.88564;0.00000;0.00000;0.00000
1.00000;0.40692;0.01436;0.10638;0.00310;0.46923
1.00000;0.11518;0.88482;0.00000;0.00000;0.00000
1.00000;0.00000;0.00000;0.00000;0.99997;0.00002
1.00000;0.14619;0.00152;0.00705;0.00954;0.83571
1.00000;0.02360;0.00000;0.00000;0.97114;0.00525
1.00000;0.21885;0.77949;0.00002;0.00124;0.00039
1.00000;0.79171;0.19558;0.00059;0.00123;0.01090
1.00000;0.28880;0.00074;0.00064;0.00106;0.70876
1.00000;0.00000;0.00000;0.00000;0.99952;0.00048
1.00000;0.00000;0.00000;0.00000;0.99958;0.00042
1.00000;0.03133;0.00007;0.00000;0.64178;0.32682
1.00000;0.01680;0.98315;0.00000;0.00000;0.00004
1.00000;0.13133;0.36667;0.00000;0.48232;0.01968
1.00000;0.00539;0.99460;0.00000;0.00000;0.00000
1.00000;0.36726;0.01952;0.28568;0.02027;0.30727
1.00000;0.00118;0.00018;0.00000;0.99663;0.00201
1.00000;0.00000;0.00000;0.00000;0.91193;0.08807
1.00000;0.02988;0.00407;0.00000;0.96024;0.00581
1.00000;0.06352;0.93648;0.00000;0.00000;0.00000
1.00000;0.16808;0.83191;0.00000;0.00000;0.00001
1.00000;0.08793;0.91202;0.00001;0.00001;0.00004
1.00000;0.06276;0.93718;0.00001;0.00000;0.00005
1.00000;0.33867;0.04955;0.19442;0.00095;0.41642
1.00000;0.71962;0.00381;0.00902;0.00002;0.26753
1.00000;0.77589;0.00106;0.00002;0.00035;0.22268
1.00000;0.13100;0.00244;0.65791;0.02605;0.18260
1.00000;0.20951;0.00037;0.03257;0.31600;0.44155
1.00000;0.01318;0.00001;0.00002;0.32710;0.65969
1.00000;0.27929;0.00320;0.00083;0.00960;0.70709
1.00000;0.18690;0.12503;0.52656;0.00303;0.15848
1.00000;0.00000;0.00000;0.00000;0.99973;0.00027
1.00000;0.90461;0.05952;0.00002;0.01188;0.02397
1.00000;0.11291;0.88700;0.00001;0.00002;0.00006
1.00000;0.00001;0.00000;0.00000;0.99841;0.00158
1.00000;0.44341;0.21847;0.02954;0.03874;0.26984
1.00000;0.00000;0.00000;0.00000;0.99998;0.00002
1.00000;0.31345;0.15391;0.36046;0.00219;0.16999
1.00000;0.07884;0.00050;0.00040;0.50559;0.41467
1.00000;0.00000;0.00000;0.00000;0.99996;0.00004
1.00000;0.45390;0.00028;0.00040;0.00008;0.54534
1.00000;0.00076;0.00000;0.00000;0.02357;0.97567
1.00000;0.07076;0.92909;0.00000;0.00010;0.00005
1.00000;0.99201;0.00581;0.00000;0.00000;0.00218
1.00000;0.03681;0.96319;0.00000;0.00000;0.00000
1.00000;0.17987;0.08497;0.48623;0.00324;0.24569
1.00000;0.08008;0.00003;0.00076;0.01487;0.90426
1.00000;0.82501;0.04054;0.00003;0.03970;0.09473
1.00000;0.15722;0.84198;0.00015;0.00000;0.00065
1.00000;0.18257;0.00185;0.00334;0.01701;0.79524
1.00000;0.81185;0.00341;0.00149;0.00001;0.18324
1.00000;0.00000;0.00000;0.00000;0.99996;0.00004
1.00000;0.43648;0.00012;0.00181;0.00390;0.55770
1.00000;0.04220;0.00247;0.95237;0.00005;0.00291
1.00000;0.12456;0.87544;0.00000;0.00000;0.00000
1.00000;0.12756;0.00078;0.01993;0.00127;0.85046
1.00000;0.31545;0.00258;0.40735;0.01118;0.26344
1.00000;0.00006;0.00000;0.00001;0.97860;0.02133
1.00000;0.36875;0.62373;0.00536;0.00019;0.00197
1.00000;0.10858;0.00043;0.00093;0.02140;0.86865
1.00000;0.01310;0.00000;0.00003;0.00234;0.98453
1.00000;0.38266;0.00612;0.00248;0.00151;0.60723
1.00000;0.03067;0.96933;0.00000;0.00000;0.00000
1.00000;0.18241;0.00051;0.00160;0.00647;0.80900
1.00000;0.07476;0.00004;0.00021;0.00627;0.91872
1.00000;0.00000;0.00000;0.00000;0.99981;0.00019
1.00000;0.50071;0.01341;0.00164;0.00101;0.48324
1.00000;0.95748;0.01993;0.00001;0.00000;0.02258
1.00000;0.00306;0.00000;0.00015;0.00002;0.99677
1.00000;0.90448;0.00047;0.00003;0.01303;0.08200
1.00000;0.00000;0.00000;0.00000;0.99969;0.00031
1.00000;0.00400;0.00000;0.00001;0.00623;0.98976
1.00000;0.35404;0.00534;0.00313;0.04004;0.59745
1.00000;0.00000;0.00000;0.00000;1.00000;0.00000
1.00000;0.75438;0.23717;0.00005;0.00000;0.00840
1.00000;0.01817;0.98183;0.00000;0.00000;0.00000
1.00000;0.01578;0.00032;0.93880;0.00035;0.04475
1.00000;0.00000;0.00000;0.00000;0.99981;0.00019
1.00000;0.96738;0.03259;0.00000;0.00000;0.00003
1.00000;0.19695;0.00010;0.00019;0.00632;0.79644
1.00000;0.00002;0.00000;0.00000;0.99937;0.00061
1.00000;0.56256;0.00798;0.04286;0.00301;0.38359
1.00000;0.59127;0.00307;0.00332;0.03754;0.36480
1.00000;0.03979;0.00852;0.90395;0.00208;0.04566
1.00000;0.09243;0.90747;0.00003;0.00000;0.00007
1.00000;0.85680;0.01998;0.10018;0.00001;0.02302
1.00000;0.94668;0.00254;0.00002;0.00004;0.05073
1.00000;0.00000;0.00000;0.00000;0.99790;0.00210
1.00000;0.00333;0.00002;0.00000;0.78360;0.21305
1.00000;0.26156;0.73836;0.00000;0.00000;0.00008
1.00000;0.25716;0.00188;0.00045;0.17979;0.56071
1.00000;0.32087;0.04583;0.43092;0.00083;0.20154
1.00000;0.65034;0.15162;0.06359;0.00184;0.13262
1.00000;0.00000;0.00000;0.00000;0.99984;0.00016
1.00000;0.00000;0.00000;0.00000;0.99998;0.00002
1.00000;0.00000;0.00000;0.00000;0.99991;0.00009
1.00000;0.07029;0.00026;0.79907;0.00022;0.13017
1.00000;0.24743;0.00377;0.12022;0.02295;0.60563
1.00000;0.25088;0.01378;0.48583;0.00070;0.24880
1.00000;0.46561;0.01625;0.00069;0.00534;0.51211
1.00000;0.37040;0.33861;0.26520;0.00320;0.02259
1.00000;0.15076;0.00007;0.00029;0.00435;0.84454
1.00000;0.75175;0.00047;0.00005;0.00278;0.24495
1.00000;0.04266;0.95727;0.00003;0.00000;0.00004
1.00000;0.07866;0.01784;0.81548;0.01333;0.07469
1.00000;0.04282;0.00002;0.00016;0.00732;0.94967
1.00000;0.07556;0.00088;0.00076;0.00069;0.92211
1.00000;0.00007;0.00001;0.00000;0.99968;0.00024
1.00000;0.04924;0.95075;0.00000;0.00000;0.00001
1.00000;0.25063;0.03145;0.16226;0.00882;0.54684
1.00000;0.17516;0.00010;0.00021;0.13067;0.69385
1.00000;0.51349;0.00136;0.00042;0.03799;0.44674
1.00000;0.38597;0.00611;0.02985;0.03805;0.54002
1.00000;0.59623;0.04084;0.01608;0.00541;0.34144
1.00000;0.15793;0.36159;0.14964;0.00069;0.33015
1.00000;0.10814;0.02895;0.79851;0.00566;0.05873
1.00000;0.00153;0.00066;0.00121;0.99536;0.00124
1.00000;0.49900;0.00304;0.00029;0.01151;0.48617
1.00000;0.89123;0.00131;0.00009;0.00107;0.10631
1.00000;0.00000;0.00000;0.00000;0.99997;0.00003
1.00000;0.00256;0.00001;0.96543;0.00001;0.03199
1.00000;0.00000;0.00000;0.00000;0.99992;0.00008
1.00000;0.44019;0.00261;0.42584;0.00015;0.13120
1.00000;0.28222;0.00409;0.08570;0.01469;0.61330
1.00000;0.01537;0.00052;0.94679;0.00077;0.03654
1.00000;0.98378;0.01607;0.00000;0.00000;0.00016
1.00000;0.19127;0.80857;0.00001;0.00000;0.00015
1.00000;0.47161;0.36244;0.13885;0.00407;0.02302
1.00000;0.00000;0.00000;0.00000;0.99988;0.00012
1.00000;0.00035;0.00000;0.00000;0.43715;0.56249
1.00000;0.20344;0.00184;0.00040;0.01811;0.77621
1.00000;0.95157;0.00600;0.00000;0.00046;0.04197
1.00000;0.00000;0.00000;0.00000;0.99995;0.00005
1.00000;0.00000;0.00000;0.00000;0.99805;0.00195
1.00000;0.81728;0.08497;0.00830;0.00139;0.08806
1.00000;0.00000;0.00000;0.00000;0.99995;0.00005
1.00000;0.66694;0.00602;0.00257;0.01270;0.31178
1.00000;0.86597;0.00863;0.00004;0.00004;0.12533
1.00000;0.00000;0.00000;0.00000;1.00000;0.00000
1.00000;0.80425;0.12292;0.00032;0.00000;0.07250
1.00000;0.11658;0.00004;0.00038;0.00389;0.87911
1.00000;0.00000;0.00000;0.00000;0.99985;0.00015
1.00000;0.48126;0.31234;0.17657;0.00370;0.02613
1.00000;0.37037;0.00997;0.00836;0.01964;0.59166
1.00000;0.04858;0.00005;0.00158;0.53117;0.41862
1.00000;0.08077;0.91909;0.00000;0.00009;0.00004
1.00000;0.51831;0.00287;0.00115;0.01338;0.46429
1.00000;0.19081;0.80879;0.00001;0.00000;0.00038
1.00000;0.26812;0.00046;0.00095;0.00111;0.72937
1.00000;0.28013;0.71859;0.00008;0.00011;0.00109
1.00000;0.07042;0.92936;0.00011;0.00001;0.00010
1.00000;0.53227;0.00376;0.00271;0.02517;0.43609
1.00000;0.00004;0.00000;0.00000;0.99908;0.00088
1.00000;0.54260;0.01783;0.00443;0.01316;0.42199
1.00000;0.05781;0.00569;0.84858;0.00581;0.08211
1.00000;0.00000;0.00000;0.00000;0.99981;0.00019
1.00000;0.47174;0.00566;0.00043;0.00474;0.51743
1.00000;0.00000;0.00000;0.00000;0.99993;0.00007
1.00000;0.16873;0.00327;0.43036;0.00025;0.39738
1.00000;0.01626;0.00023;0.97733;0.00000;0.00617
1.00000;0.00000;0.00000;0.00000;0.99995;0.00005
1.00000;0.27850;0.08129;0.58763;0.00518;0.04740
1.00000;0.00000;0.00000;0.00000;1.00000;0.00000
1.00000;0.57691;0.01377;0.00097;0.03289;0.37546
1.00000;0.52093;0.00209;0.00165;0.01246;0.46287
1.00000;0.97414;0.02553;0.00000;0.00000;0.00033
1.00000;0.21562;0.00010;0.00128;0.02178;0.76122
1.00000;0.72966;0.00649;0.00042;0.02519;0.23823
1.00000;0.00000;0.00000;0.00000;0.99999;0.00001
1.00000;0.76566;0.00921;0.00116;0.01835;0.20563
1.00000;0.00000;0.00000;0.00000;0.99867;0.00133
1.00000;0.32516;0.03564;0.01340;0.21609;0.40971
1.00000;0.87227;0.00278;0.00017;0.00063;0.12414
1.00000;0.03119;0.00116;0.71363;0.00030;0.25373
1.00000;0.00111;0.00000;0.00004;0.00099;0.99786
1.00000;0.09022;0.90978;0.00000;0.00000;0.00000
1.00000;0.00000;0.00000;0.00000;0.99970;0.00030
1.00000;0.67434;0.05481;0.06225;0.00132;0.20728
1.00000;0.03666;0.00002;0.59280;0.00012;0.37040
1.00000;0.05178;0.94819;0.00000;0.00001;0.00002
1.00000;0.20936;0.78954;0.00006;0.00000;0.00104
1.00000;0.07040;0.01165;0.83917;0.00478;0.07400
1.00000;0.03589;0.96411;0.00000;0.00000;0.00000
1.00000;0.03019;0.00108;0.90334;0.00752;0.05788
1.00000;0.48780;0.00222;0.06021;0.00633;0.44344
1.00000;0.11097;0.88872;0.00007;0.00001;0.00023
1.00000;0.30892;0.00108;0.00021;0.00225;0.68754
1.00000;0.50133;0.00012;0.00031;0.01787;0.48038
1.00000;0.00001;0.00000;0.00000;0.99876;0.00123
1.00000;0.29718;0.00540;0.01677;0.02096;0.65970
1.00000;0.00000;0.00000;0.00000;0.99966;0.00034
1.00000;0.83651;0.00365;0.00534;0.00000;0.15449
1.00000;0.00000;0.00000;0.00000;0.99962;0.00038
1.00000;0.00007;0.00000;0.00000;0.99270;0.00723
1.00000;0.37883;0.19710;0.38831;0.00284;0.03292
1.00000;0.01072;0.00028;0.96346;0.00032;0.02522
1.00000;0.16574;0.83192;0.00014;0.00000;0.00220
1.00000;0.00000;0.00000;0.00000;0.99998;0.00002
1.00000;0.07124;0.00043;0.00032;0.51516;0.41284
1.00000;0.49628;0.01613;0.04731;0.06844;0.37185
1.00000;0.63605;0.06416;0.04981;0.00071;0.24926
1.00000;0.08987;0.91013;0.00000;0.00000;0.00000
1.00000;0.19665;0.00225;0.12155;0.01603;0.66351
1.00000;0.26840;0.00245;0.00157;0.01695;0.71063
1.00000;0.46472;0.00042;0.00010;0.00876;0.52600
1.00000;0.14767;0.85233;0.00000;0.00000;0.00000
1.00000;0.09620;0.90375;0.00000;0.00001;0.00003
1.00000;0.42175;0.01187;0.16144;0.06534;0.33960
1.00000;0.99458;0.00424;0.00000;0.00000;0.00117
1.00000;0.10244;0.89756;0.00000;0.00000;0.00000
1.00000;0.23230;0.76764;0.00001;0.00000;0.00005
1.00000;0.07373;0.00313;0.70049;0.00870;0.21396
1.00000;0.12535;0.87422;0.00020;0.00001;0.00022
1.00000;0.08012;0.00628;0.80566;0.02593;0.08201
1.00000;0.85981;0.00926;0.00016;0.00000;0.13076
1.00000;0.12472;0.87504;0.00001;0.00012;0.00012
1.00000;0.95956;0.00050;0.00001;0.00016;0.03976
1.00000;0.00000;0.00000;0.00000;0.99987;0.00013
1.00000;0.00000;0.00000;0.00000;0.99992;0.00008
1.00000;0.06359;0.93641;0.00000;0.00000;0.00000
1.00000;0.09692;0.00002;0.00020;0.02407;0.87878
1.00000;0.00000;0.00000;0.00000;0.99973;0.00027
1.00000;0.15761;0.84207;0.00004;0.00003;0.00024
1.00000;0.41130;0.00422;0.00000;0.55022;0.03426
1.00000;0.38902;0.00013;0.00002;0.51762;0.09321
1.00000;0.11097;0.00003;0.00000;0.86808;0.02092
1.00000;0.00032;0.00000;0.00000;0.61588;0.38379
1.00000;0.30486;0.69498;0.00007;0.00000;0.00009
1.00000;0.53129;0.46843;0.00001;0.00009;0.00019
1.00000;0.15563;0.84437;0.00000;0.00000;0.00000
1.00000;0.23646;0.00011;0.00009;0.01423;0.74911
1.00000;0.00004;0.00003;0.00001;0.99971;0.00021
1.00000;0.38662;0.00532;0.00198;0.03449;0.57159
1.00000;0.39678;0.00079;0.25195;0.00006;0.35042
1.00000;0.03671;0.96329;0.00000;0.00000;0.00000
1.00000;0.26861;0.00014;0.00006;0.00677;0.72442
1.00000;0.19466;0.00230;0.00131;0.00963;0.79209
1.00000;0.00768;0.00001;0.00163;0.94776;0.04293
1.00000;0.00002;0.00000;0.00000;0.99965;0.00033
1.00000;0.00000;0.00000;0.00000;1.00000;0.00000
1.00000;0.00160;0.00003;0.99729;0.00000;0.00108
1.00000;0.46710;0.04683;0.00002;0.39509;0.09096
1.00000;0.00000;0.00000;0.00000;0.99960;0.00040
1.00000;0.49789;0.01799;0.01743;0.04409;0.42260
1.00000;0.37815;0.62036;0.00001;0.00001;0.00147
1.00000;0.06548;0.93447;0.00002;0.00000;0.00004
1.00000;0.29157;0.70773;0.00000;0.00000;0.00070
1.00000;0.39749;0.59477;0.00590;0.00010;0.00174
1.00000;0.00000;0.00000;0.00000;0.99970;0.00030
1.00000;0.00000;0.00000;0.00000;0.99992;0.00008
1.00000;0.06293;0.00039;0.00021;0.04946;0.88700
1.00000;0.00851;0.00003;0.00004;0.00351;0.98791
1.00000;0.39844;0.00669;0.01404;0.00249;0.57834
1.00000;0.37648;0.00028;0.00025;0.00007;0.62293
1.00000;0.03479;0.00092;0.00197;0.74315;0.21917
1.00000;0.00000;0.00000;0.00000;0.99996;0.00004
1.00000;0.52967;0.01834;0.00734;0.00475;0.43990
1.00000;0.74104;0.24262;0.00001;0.00000;0.01633
1.00000;0.60928;0.00109;0.00049;0.00001;0.38913
1.00000;0.12026;0.87974;0.00000;0.00000;0.00000
1.00000;0.07837;0.92162;0.00000;0.00000;0.00001
1.00000;0.07414;0.92586;0.00000;0.00000;0.00000
1.00000;0.20749;0.00293;0.00199;0.04659;0.74101
1.00000;0.04878;0.00004;0.00002;0.32818;0.62298
1.00000;0.00490;0.00000;0.00000;0.99010;0.00499
1.00000;0.27188;0.00003;0.00006;0.45479;0.27325
1.00000;0.38260;0.00917;0.01019;0.00104;0.59700
1.00000;0.06902;0.93093;0.00000;0.00002;0.00003
1.00000;0.17346;0.00031;0.16510;0.00459;0.65654
1.00000;0.00000;0.00000;0.00000;0.99895;0.00104
1.00000;0.26214;0.73696;0.00002;0.00049;0.00040
1.00000;0.07955;0.79739;0.00783;0.00052;0.11471
1.00000;0.77778;0.22219;0.00000;0.00000;0.00004
1.00000;0.07682;0.92318;0.00000;0.00000;0.00000
1.00000;0.99186;0.00768;0.00000;0.00000;0.00046
1.00000;0.00000;0.00000;0.00000;1.00000;0.00000
1.00000;0.05272;0.94727;0.00000;0.00000;0.00000
1.00000;0.20669;0.03511;0.01557;0.01774;0.72490
1.00000;0.00080;0.00004;0.00085;0.98433;0.01398
1.00000;0.05731;0.94269;0.00000;0.00000;0.00000
1.00000;0.64914;0.33934;0.00010;0.00024;0.01119
1.00000;0.38645;0.61309;0.00000;0.00000;0.00045
1.00000;0.02858;0.00001;0.00024;0.01708;0.95410
1.00000;0.00000;0.00000;0.00000;0.99989;0.00011
1.00000;0.00000;0.00000;0.00000;0.98658;0.01342
1.00000;0.00008;0.00004;0.00003;0.99976;0.00009
1.00000;0.38861;0.59653;0.01182;0.00017;0.00286
1.00000;0.63254;0.00236;0.00020;0.03059;0.33431
1.00000;0.13991;0.00118;0.76976;0.00071;0.08845
1.00000;0.00000;0.00000;0.00000;0.99961;0.00039
1.00000;0.56982;0.00173;0.00106;0.00349;0.42389
1.00000;0.24032;0.00094;0.00281;0.01486;0.74107
1.00000;0.00000;0.00000;0.00000;1.00000;0.00000
1.00000;0.24922;0.18796;0.51878;0.00162;0.04242
1.00000;0.51727;0.48055;0.00008;0.00011;0.00199
1.00000;0.07840;0.92160;0.00000;0.00000;0.00000
1.00000;0.00082;0.00005;0.00124;0.99191;0.00598
1.00000;0.21206;0.00010;0.00014;0.01131;0.77639
1.00000;0.00000;0.00000;0.00000;1.00000;0.00000
1.00000;0.00003;0.00000;0.00000;0.99787;0.00211
1.00000;0.00000;0.00000;0.00000;0.99968;0.00032
1.00000;0.07588;0.00001;0.00098;0.00053;0.92260
1.00000;0.99265;0.00346;0.00001;0.00000;0.00388
1.00000;0.00000;0.00000;0.00000;0.99882;0.00118
1.00000;0.05907;0.00033;0.00613;0.00300;0.93147
1.00000;0.00027;0.00000;0.00002;0.00010;0.99961
1.00000;0.06326;0.93669;0.00001;0.00000;0.00004
1.00000;0.96479;0.03519;0.00000;0.00000;0.00002
1.00000;0.00000;0.00000;0.00000;0.99998;0.00002
1.00000;0.46774;0.45108;0.07431;0.00034;0.00654
1.00000;0.33153;0.48946;0.15677;0.00049;0.02173
1.00000;0.74979;0.00123;0.00025;0.00004;0.24867
1.00000;0.00000;0.00000;0.00000;0.99866;0.00134
1.00000;0.02688;0.00005;0.77682;0.00004;0.19621
1.00000;0.43347;0.45285;0.09615;0.00022;0.01730
1.00000;0.05751;0.94243;0.00001;0.00000;0.00005
1.00000;0.04911;0.95089;0.00000;0.00000;0.00000
1.00000;0.08423;0.03364;0.79641;0.00579;0.07994
1.00000;0.32296;0.67188;0.00014;0.00004;0.00498
1.00000;0.32650;0.03064;0.63915;0.00002;0.00369
1.00000;0.23685;0.00281;0.24912;0.01477;0.49645
1.00000;0.03323;0.00001;0.00003;0.01946;0.94726
1.00000;0.97105;0.00189;0.00000;0.00022;0.02683
1.00000;0.00000;0.00000;0.00000;0.99998;0.00001
1.00000;0.48885;0.00007;0.00004;0.00328;0.50777
1.00000;0.00000;0.00000;0.00000;0.99954;0.00046
1.00000;0.85018;0.13513;0.00000;0.00054;0.01415
1.00000;0.81119;0.03376;0.03688;0.00221;0.11595
1.00000;0.17193;0.82766;0.00001;0.00019;0.00021
1.00000;0.30386;0.00911;0.16584;0.00304;0.51814
1.00000;0.70898;0.04754;0.00019;0.01818;0.22510
1.00000;0.49140;0.50854;0.00001;0.00000;0.00005
1.00000;0.23352;0.00014;0.00040;0.05697;0.70898
1.00000;0.13089;0.00008;0.00252;0.00008;0.86642
1.00000;0.03593;0.00001;0.00018;0.00233;0.96156
1.00000;0.06470;0.93530;0.00000;0.00000;0.00000
1.00000;0.17647;0.00175;0.01184;0.03950;0.77042
1.00000;0.00000;0.00000;0.00000;0.99997;0.00003
1.00000;0.65252;0.00355;0.00007;0.05219;0.29166
1.00000;0.00001;0.00000;0.00000;0.99956;0.00043
1.00000;0.24661;0.00312;0.00053;0.03425;0.71549
1.00000;0.27739;0.00210;0.00286;0.01516;0.70249
1.00000;0.19641;0.80333;0.00001;0.00000;0.00025
1.00000;0.27280;0.00156;0.00157;0.01443;0.70964
1.00000;0.03693;0.00001;0.00075;0.00014;0.96216
1.00000;0.43623;0.00050;0.00063;0.00006;0.56258
1.00000;0.05944;0.94056;0.00000;0.00000;0.00000
1.00000;0.11813;0.00812;0.79605;0.00199;0.07572
1.00000;0.00000;0.00000;0.00000;0.99998;0.00002
1.00000;0.30668;0.00504;0.01054;0.03476;0.64298
1.00000;0.76631;0.22674;0.00042;0.00213;0.00441
1.00000;0.02186;0.97814;0.00000;0.00000;0.00000
1.00000;0.06928;0.93072;0.00000;0.00000;0.00000
1.00000;0.42677;0.00725;0.00251;0.02246;0.54101
1.00000;0.00000;0.00000;0.00000;0.99994;0.00006
1.00000;0.70126;0.00107;0.00010;0.00026;0.29731
1.00000;0.08096;0.91904;0.00000;0.00000;0.00000
1.00000;0.04959;0.00019;0.00013;0.01325;0.93685
1.00000;0.07518;0.00012;0.72596;0.00002;0.19873
1.00000;0.34555;0.00090;0.02726;0.01437;0.61192
1.00000;0.00029;0.00000;0.00000;0.97548;0.02423
1.00000;0.00000;0.00000;0.00000;1.00000;0.00000
1.00000;0.15603;0.00030;0.29466;0.00277;0.54624
1.00000;0.06495;0.93504;0.00000;0.00000;0.00000
1.00000;0.31855;0.00346;0.00019;0.23079;0.44701
1.00000;0.51675;0.02641;0.00022;0.02080;0.43582
1.00000;0.29058;0.00012;0.00010;0.00066;0.70854
1.00000;0.34982;0.00478;0.00162;0.00500;0.63877
1.00000;0.00000;0.00000;0.00000;0.99991;0.00009
1.00000;0.00000;0.00000;0.00000;1.00000;0.00000
1.00000;0.47110;0.50867;0.01740;0.00007;0.00276
1.00000;0.00000;0.00000;0.00000;0.99996;0.00004
1.00000;0.00655;0.00001;0.00001;0.05438;0.93905
1.00000;0.05722;0.00002;0.00031;0.00044;0.94201
1.00000;0.35408;0.63214;0.01167;0.00013;0.00198
1.00000;0.02021;0.00022;0.97206;0.00000;0.00751
1.00000;0.17441;0.82512;0.00002;0.00020;0.00025
1.00000;0.10125;0.89868;0.00001;0.00002;0.00004
1.00000;0.26524;0.73314;0.00018;0.00043;0.00101
1.00000;0.32677;0.00029;0.00011;0.00665;0.66617
1.00000;0.02694;0.00015;0.00005;0.01255;0.96032
1.00000;0.00000;0.00000;0.00000;0.99973;0.00026
1.00000;0.32563;0.00144;0.27808;0.00729;0.38756
1.00000;0.47251;0.00710;0.00120;0.01442;0.50477
1.00000;0.00000;0.00000;0.00000;1.00000;0.00000
1.00000;0.23146;0.76150;0.00598;0.00002;0.00104
1.00000;0.00000;0.00000;0.00000;0.99996;0.00004
1.00000;0.00000;0.00000;0.00000;0.99790;0.00210
1.00000;0.05496;0.00001;0.00029;0.01554;0.92920
1.00000;0.05448;0.00047;0.92019;0.00002;0.02483
1.00000;0.54102;0.00057;0.00047;0.00003;0.45791
1.00000;0.57027;0.01067;0.00063;0.01782;0.40061
1.00000;0.30176;0.00630;0.00102;0.00814;0.68278
1.00000;0.21499;0.00155;0.47012;0.02150;0.29183
1.00000;0.66849;0.06987;0.00686;0.00481;0.24997
1.00000;0.02464;0.00000;0.00047;0.00040;0.97448
1.00000;0.25548;0.00003;0.00071;0.15072;0.59306
1.00000;0.45365;0.00562;0.35760;0.01519;0.16794
1.00000;0.03269;0.96731;0.00000;0.00000;0.00000
1.00000;0.01019;0.00006;0.00285;0.22731;0.75959
1.00000;0.01303;0.00050;0.94286;0.00029;0.04332
1.00000;0.63005;0.36860;0.00000;0.00000;0.00136
1.00000;0.00000;0.00000;0.00000;0.99993;0.00007
1.00000;0.00254;0.00000;0.00001;0.12187;0.87558
1.00000;0.00001;0.00000;0.00000;0.99970;0.00029
1.00000;0.38920;0.00835;0.00417;0.05832;0.53996
1.00000;0.00005;0.00000;0.00000;0.99633;0.00363
1.00000;0.08431;0.02682;0.82173;0.00359;0.06354
1.00000;0.00000;0.00000;0.00000;0.99907;0.00093
1.00000;0.84127;0.13291;0.00002;0.00022;0.02558
1.00000;0.00000;0.00000;0.00000;0.99937;0.00063
1.00000;0.41475;0.57246;0.01000;0.00014;0.00265
1.00000;0.00032;0.00001;0.00000;0.99481;0.00486
1.00000;0.01051;0.00000;0.00005;0.00060;0.98884
1.00000;0.06850;0.93146;0.00000;0.00001;0.00004
1.00000;0.70462;0.10438;0.03389;0.00168;0.15543
1.00000;0.00007;0.00000;0.00000;0.99737;0.00256
1.00000;0.00001;0.00000;0.00000;0.99949;0.00050
1.00000;0.00357;0.00002;0.00001;0.05004;0.94636
1.00000;0.67018;0.02864;0.00503;0.02551;0.27065
1.00000;0.00000;0.00000;0.00000;0.99951;0.00049
1.00000;0.08991;0.91009;0.00000;0.00000;0.00000
1.00000;0.11496;0.88495;0.00001;0.00000;0.00007
1.00000;0.57816;0.01290;0.14054;0.00288;0.26552
1.00000;0.21688;0.09710;0.02151;0.00028;0.66424
1.00000;0.63259;0.00075;0.00050;0.00018;0.36598
1.00000;0.00000;0.00000;0.00000;0.99998;0.00002
1.00000;0.08193;0.00358;0.00000;0.71484;0.19965
1.00000;0.04116;0.00001;0.00009;0.00301;0.95572
1.00000;0.00000;0.00000;0.00000;0.99993;0.00007
1.00000;0.32848;0.00578;0.00375;0.00404;0.65795
1.00000;0.82404;0.07045;0.00026;0.00327;0.10198
1.00000;0.00000;0.00000;0.00000;0.99999;0.00000
1.00000;0.04014;0.95986;0.00000;0.00000;0.00000
1.00000;0.00469;0.00003;0.00001;0.07563;0.91964
1.00000;0.36347;0.00026;0.00079;0.00092;0.63456
1.00000;0.00000;0.00000;0.00000;0.99973;0.00027
1.00000;0.00510;0.00001;0.97220;0.00000;0.02270
1.00000;0.03118;0.00002;0.00001;0.00737;0.96142
1.00000;0.08860;0.00005;0.00124;0.00719;0.90292
1.00000;0.13657;0.86326;0.00001;0.00000;0.00016
1.00000;0.90623;0.07254;0.00011;0.00181;0.01932
1.00000;0.35080;0.00389;0.00795;0.00179;0.63557
1.00000;0.38123;0.59709;0.01399;0.00008;0.00760
1.00000;0.01771;0.00001;0.00481;0.02167;0.95580
1.00000;0.07389;0.00386;0.83521;0.00382;0.08322
1.00000;0.00352;0.00003;0.99123;0.00002;0.00520
1.00000;0.83127;0.12967;0.00004;0.00372;0.03530
1.00000;0.28830;0.71040;0.00007;0.00028;0.00096
1.00000;0.81285;0.14284;0.00000;0.01877;0.02554
1.00000;0.12723;0.87255;0.00004;0.00001;0.00016
1.00000;0.05064;0.00049;0.00016;0.00123;0.94747
1.00000;0.00377;0.00000;0.00002;0.01391;0.98230
1.00000;0.21901;0.77903;0.00004;0.00007;0.00185
1.00000;0.07023;0.92972;0.00000;0.00001;0.00005
1.00000;0.54156;0.01874;0.00052;0.00375;0.43543
1.00000;0.02046;0.97954;0.00000;0.00000;0.00000
1.00000;0.00001;0.00000;0.00000;0.99996;0.00003
1.00000;0.08586;0.00001;0.00076;0.61291;0.30046
1.00000;0.00000;0.00000;0.00000;1.00000;0.00000
1.00000;0.00000;0.00000;0.00000;1.00000;0.00000
1.00000;0.00000;0.00000;0.00000;0.99992;0.00008
1.00000;0.14354;0.85599;0.00008;0.00009;0.00029
1.00000;0.07697;0.92300;0.00000;0.00001;0.00002
1.00000;0.08497;0.91490;0.00003;0.00004;0.00005
1.00000;0.56695;0.00071;0.00014;0.00569;0.42651
1.00000;0.00000;0.00000;0.00000;0.99998;0.00002
1.00000;0.30176;0.69661;0.00019;0.00002;0.00142
1.00000;0.09432;0.90564;0.00001;0.00000;0.00003
1.00000;0.10984;0.00146;0.00017;0.21421;0.67432
1.00000;0.25493;0.02385;0.02216;0.03837;0.66069
1.00000;0.42140;0.00837;0.00507;0.00601;0.55915
1.00000;0.12711;0.87260;0.00002;0.00010;0.00018
1.00000;0.00000;0.00000;0.00000;1.00000;0.00000
1.00000;0.36571;0.62052;0.01181;0.00011;0.00185
1.00000;0.45134;0.45991;0.07229;0.00168;0.01478
1.00000;0.20528;0.79371;0.00023;0.00018;0.00060
1.00000;0.13596;0.86403;0.00000;0.00000;0.00001
1.00000;0.02670;0.97330;0.00000;0.00000;0.00000
1.00000;0.01693;0.00001;0.00033;0.00017;0.98257
1.00000;0.00009;0.00000;0.00000;0.99423;0.00568
1.00000;0.41455;0.00136;0.11577;0.00051;0.46781
1.00000;0.99024;0.00964;0.00000;0.00000;0.00012
1.00000;0.01647;0.00001;0.00021;0.00003;0.98328
1.00000;0.18070;0.00075;0.07289;0.02174;0.72393
1.00000;0.07833;0.00012;0.00002;0.01291;0.90863
1.00000;0.01871;0.98128;0.00000;0.00000;0.00001
1.00000;0.15740;0.84259;0.00000;0.00000;0.00001
1.00000;0.12205;0.87746;0.00028;0.00001;0.00021
1.00000;0.02071;0.97929;0.00000;0.00000;0.00000
1.00000;0.01298;0.00003;0.00007;0.01234;0.97458
1.00000;0.21776;0.00340;0.22479;0.06335;0.49069
1.00000;0.25640;0.00601;0.23622;0.01410;0.48727
1.00000;0.96211;0.00365;0.00002;0.00012;0.03410
1.00000;0.43690;0.26921;0.25958;0.00530;0.02901
1.00000;0.09145;0.00386;0.73543;0.01791;0.15135
1.00000;0.00000;0.00000;0.00000;0.99991;0.00009
1.00000;0.06965;0.00044;0.00030;0.01558;0.91403
1.00000;0.09061;0.00121;0.00420;0.00064;0.90334
1.00000;0.27897;0.00463;0.00118;0.04348;0.67174
1.00000;0.27033;0.00257;0.01325;0.01481;0.69904
1.00000;0.00011;0.00001;0.00000;0.99652;0.00336
1.00000;0.02822;0.97178;0.00000;0.00000;0.00000
1.00000;0.00001;0.00000;0.00000;0.99986;0.00013
1.00000;0.00000;0.00000;0.00000;0.99963;0.00037
1.00000;0.50224;0.00969;0.00110;0.02925;0.45772
1.00000;0.13117;0.00012;0.00104;0.00877;0.85891
1.00000;0.00000;0.00000;0.00000;0.99933;0.00067
1.00000;0.01459;0.00057;0.94607;0.00288;0.03589
1.00000;0.11135;0.00007;0.00033;0.00984;0.87842
1.00000;0.13194;0.86753;0.00027;0.00001;0.00025
1.00000;0.24913;0.75013;0.00001;0.00031;0.00043
1.00000;0.00000;0.00000;0.00000;0.99997;0.00003
1.00000;0.09814;0.00101;0.75381;0.00406;0.14299
1.00000;0.51077;0.00109;0.00006;0.01092;0.47715
1.00000;0.18924;0.01557;0.70759;0.00775;0.07984
1.00000;0.03528;0.00084;0.85077;0.00941;0.10370
1.00000;0.04607;0.00033;0.00011;0.00221;0.95127
1.00000;0.03387;0.00388;0.93252;0.00473;0.02500
1.00000;0.00000;0.00000;0.00000;0.99999;0.00001
1.00000;0.00125;0.00002;0.00000;0.96568;0.03305
1.00000;0.00000;0.00000;0.00000;0.99998;0.00001
1.00000;0.00000;0.00000;0.00000;0.99991;0.00009
1.00000;0.33388;0.00079;0.05274;0.01361;0.59898
1.00000;0.22343;0.00021;0.00141;0.00004;0.77491
1.00000;0.01689;0.00367;0.96548;0.00120;0.01277
1.00000;0.00000;0.00000;0.00000;0.99864;0.00136
1.00000;0.10343;0.89638;0.00001;0.00008;0.00009
1.00000;0.00037;0.00009;0.00000;0.99895;0.00058
1.00000;0.00000;0.00000;0.00000;0.98443;0.01557
1.00000;0.25359;0.00345;0.21073;0.13384;0.39839
1.00000;0.03081;0.65660;0.00000;0.31253;0.00006
1.00000;0.00016;0.00000;0.00000;0.95391;0.04594
1.00000;0.00298;0.00001;0.99423;0.00000;0.00277
1.00000;0.00000;0.00000;0.00000;0.99927;0.00073
1.00000;0.00000;0.00000;0.00000;1.00000;0.00000
1.00000;0.44405;0.00510;0.01569;0.00108;0.53409
1.00000;0.16822;0.01244;0.36800;0.00441;0.44693
1.00000;0.00667;0.00002;0.00002;0.00683;0.98645
1.00000;0.03644;0.00029;0.00002;0.08421;0.87904
1.00000;0.43620;0.01884;0.00257;0.03270;0.50969
1.00000;0.06539;0.93461;0.00000;0.00000;0.00000
1.00000;0.41254;0.54478;0.03470;0.00108;0.00690
1.00000;0.00000;0.00000;0.00000;0.99995;0.00005
1.00000;0.00000;0.00001;0.00000;0.99998;0.00001
1.00000;0.00000;0.00000;0.00000;0.99970;0.00030
1.00000;0.03203;0.00021;0.00016;0.00157;0.96604
1.00000;0.00000;0.00000;0.00000;0.99994;0.00006
1.00000;0.10755;0.00012;0.34379;0.00073;0.54781
1.00000;0.77678;0.02192;0.13751;0.00044;0.06335
1.00000;0.07275;0.00429;0.00826;0.00035;0.91435
1.00000;0.09002;0.00162;0.80489;0.00129;0.10217
1.00000;0.00000;0.00000;0.00000;0.99996;0.00004
1.00000;0.33892;0.00018;0.00035;0.00080;0.65974
1.00000;0.28085;0.00492;0.00472;0.17854;0.53097
1.00000;0.34188;0.00697;0.02688;0.09499;0.52928
1.00000;0.11164;0.00011;0.09265;0.00032;0.79528
1.00000;0.75722;0.24270;0.00000;0.00000;0.00007
1.00000;0.00002;0.00000;0.00000;0.99939;0.00059
1.00000;0.21869;0.00012;0.00024;0.01072;0.77023
1.00000;0.00001;0.00001;0.00001;0.99994;0.00004
1.00000;0.00000;0.00000;0.00000;0.99999;0.00001
1.00000;0.08364;0.91631;0.00001;0.00001;0.00003
1.00000;0.18733;0.00239;0.05959;0.03493;0.71575
1.00000;0.25737;0.00883;0.17862;0.00065;0.55453
1.00000;0.03582;0.00000;0.00000;0.95609;0.00808
1.00000;0.06951;0.93049;0.00000;0.00000;0.00000
1.00000;0.97191;0.00601;0.00031;0.00001;0.02177
1.00000;0.07514;0.00000;0.00007;0.65450;0.27028
1.00000;0.05767;0.01222;0.85870;0.00648;0.06493
1.00000;0.11128;0.88840;0.00003;0.00010;0.00019
1.00000;0.23320;0.76568;0.00030;0.00015;0.00067
1.00000;0.00000;0.00000;0.00000;0.99701;0.00299
1.00000;0.26995;0.00065;0.01248;0.00205;0.71487
1.00000;0.07402;0.00002;0.00012;0.01009;0.91574
1.00000;0.77316;0.06970;0.02407;0.02021;0.11287
1.00000;0.10886;0.00133;0.04395;0.14341;0.70244
1.00000;0.09100;0.90896;0.00001;0.00001;0.00002
1.00000;0.10588;0.89390;0.00001;0.00000;0.00020
1.00000;0.18922;0.00319;0.18660;0.00329;0.61770
1.00000;0.01160;0.00001;0.00000;0.70614;0.28225
1.00000;0.43882;0.47038;0.07660;0.00184;0.01236
1.00000;0.23301;0.00234;0.03641;0.01431;0.71392
1.00000;0.14181;0.85805;0.00002;0.00002;0.00011
1.00000;0.36354;0.44077;0.02573;0.00105;0.16890
1.00000;0.00000;0.00000;0.00000;0.99963;0.00036
1.00000;0.12895;0.87072;0.00001;0.00013;0.00018
1.00000;0.21499;0.00705;0.02959;0.00790;0.74047
1.00000;0.00074;0.00000;0.00001;0.08569;0.91357
1.00000;0.00402;0.00002;0.00000;0.26400;0.73196
1.00000;0.08150;0.91844;0.00000;0.00001;0.00005
1.00000;0.33314;0.65851;0.00416;0.00036;0.00382
1.00000;0.78629;0.01197;0.00058;0.08330;0.11787
1.00000;0.04907;0.00440;0.85688;0.00614;0.08351
1.00000;0.28723;0.00191;0.00375;0.00854;0.69857
1.00000;0.07453;0.01707;0.00274;0.00008;0.90558
1.00000;0.01655;0.98345;0.00000;0.00000;0.00000
1.00000;0.98802;0.01194;0.00000;0.00000;0.00004
1.00000;0.70105;0.00133;0.00210;0.00001;0.29550
1.00000;0.00000;0.00000;0.00000;1.00000;0.00000
1.00000;0.00000;0.00000;0.00000;0.99998;0.00002
1.00000;0.17796;0.00189;0.00108;0.03544;0.78364
1.00000;0.08789;0.91204;0.00001;0.00000;0.00005
1.00000;0.09742;0.00175;0.11692;0.00876;0.77516
1.00000;0.07816;0.00004;0.00115;0.00040;0.92026
1.00000;0.42817;0.01229;0.54847;0.00000;0.01106
1.00000;0.10973;0.89018;0.00001;0.00001;0.00007
1.00000;0.42340;0.14701;0.09074;0.15901;0.17985
1.00000;0.09314;0.90678;0.00001;0.00001;0.00005
1.00000;0.00000;0.00000;0.00000;0.99995;0.00005
1.00000;0.02285;0.00067;0.92175;0.00202;0.05271
1.00000;0.09251;0.90748;0.00000;0.00000;0.00000
1.00000;0.00000;0.00000;0.00000;0.99628;0.00372
1.00000;0.35065;0.62984;0.00065;0.00010;0.01876
1.00000;0.04823;0.95177;0.00000;0.00000;0.00000
1.00000;0.57077;0.10382;0.17105;0.00034;0.15402
1.00000;0.09628;0.90367;0.00000;0.00001;0.00004
1.00000;0.75785;0.12092;0.00039;0.00047;0.12037
1.00000;0.00000;0.00000;0.00000;0.99999;0.00001
1.00000;0.00000;0.00000;0.00000;0.99917;0.00083
1.00000;0.27771;0.00055;0.00063;0.00259;0.71852
1.00000;0.27587;0.00390;0.02278;0.06783;0.62962
1.00000;0.04476;0.01706;0.92400;0.00229;0.01189
1.00000;0.00012;0.00001;0.00000;0.99830;0.00158
1.00000;0.00000;0.00000;0.00000;1.00000;0.00000
1.00000;0.11760;0.00117;0.00037;0.02384;0.85701
1.00000;0.10182;0.89813;0.00001;0.00000;0.00004
1.00000;0.11771;0.88223;0.00001;0.00001;0.00004
1.00000;0.02006;0.00119;0.95551;0.00043;0.02281
1.00000;0.49781;0.00068;0.00015;0.00007;0.50129
1.00000;0.00925;0.00028;0.95207;0.00019;0.03821
1.00000;0.00000;0.00000;0.00000;0.99997;0.00003
1.00000;0.19269;0.80726;0.00000;0.00000;0.00005
1.00000;0.08091;0.00005;0.00002;0.02489;0.89413
1.00000;0.06201;0.93794;0.00002;0.00000;0.00002
1.00000;0.58071;0.41390;0.00001;0.00000;0.00539
1.00000;0.14496;0.01726;0.01323;0.00090;0.82365
1.00000;0.08447;0.00105;0.00001;0.53967;0.37480
1.00000;0.00000;0.00000;0.00000;0.99998;0.00002
1.00000;0.99411;0.00551;0.00000;0.00000;0.00038
1.00000;0.28326;0.58676;0.10226;0.00805;0.01967
1.00000;0.28819;0.00009;0.00050;0.01618;0.69505
1.00000;0.30467;0.58025;0.07701;0.00003;0.03803
1.00000;0.62886;0.36742;0.00038;0.00004;0.00330
1.00000;0.82687;0.11177;0.00007;0.00591;0.05538
1.00000;0.02972;0.00003;0.75814;0.00000;0.21210
1.00000;0.15133;0.00010;0.01861;0.00350;0.82646
1.00000;0.10036;0.89938;0.00013;0.00001;0.00012
1.00000;0.73664;0.00079;0.00013;0.00093;0.26151
1.00000;0.16151;0.00029;0.00066;0.04689;0.79064
1.00000;0.13273;0.00010;0.00135;0.67815;0.18767
1.00000;0.01449;0.00078;0.01114;0.95457;0.01902
1.00000;0.29626;0.00127;0.00134;0.03574;0.66539
1.00000;0.20866;0.00002;0.00017;0.00432;0.78683
1.00000;0.26212;0.73678;0.00006;0.00032;0.00072
1.00000;0.00000;0.00000;0.00000;0.99960;0.00039
1.00000;0.32572;0.00200;0.00388;0.00175;0.66665
1.00000;0.04756;0.95244;0.00000;0.00000;0.00000
1.00000;0.00000;0.00000;0.00000;0.99998;0.00002
1.00000;0.00025;0.00000;0.00000;0.00555;0.99420
1.00000;0.20571;0.00272;0.00623;0.00591;0.77943
