1.00000;0.08527;0.90859;0.00000;0.00614;0.00000
1.00000;0.00001;0.00000;0.99998;0.00000;0.00001
1.00000;0.23464;0.74502;0.00003;0.02031;0.00000
1.00000;0.00001;0.00011;0.99987;0.00000;0.00002
1.00000;0.72738;0.00026;0.03288;0.00011;0.23938
1.00000;0.01746;0.00001;0.00003;0.00000;0.98250
1.00000;0.00004;0.99996;0.00000;0.00000;0.00000
1.00000;0.00001;0.00000;0.00000;0.00000;0.99999
1.00000;0.07722;0.00146;0.83235;0.00003;0.08894
1.00000;0.00000;0.00000;0.00000;1.00000;0.00000
1.00000;0.00002;0.00000;0.99998;0.00000;0.00000
1.00000;0.00000;0.00000;0.00000;1.00000;0.00000
1.00000;0.14734;0.84389;0.00002;0.00874;0.00001
1.00000;0.10864;0.00043;0.21629;0.51457;0.16006
1.00000;0.00027;0.98589;0.01338;0.00044;0.00003
1.00000;0.00000;0.00000;0.00000;1.00000;0.00000
1.00000;0.00000;0.00000;0.00000;1.00000;0.00000
1.00000;0.09006;0.00000;0.00013;0.00001;0.90980
1.00000;0.00021;0.00000;0.99959;0.00000;0.00019
1.00000;0.00000;0.00000;1.00000;0.00000;0.00000
1.00000;0.00000;0.00000;1.00000;0.00000;0.00000
1.00000;0.74228;0.00164;0.24432;0.00001;0.01175
1.00000;0.04421;0.95577;0.00001;0.00001;0.00000
1.00000;0.22585;0.00006;0.36068;0.00019;0.41322
1.00000;0.00000;0.00000;0.00001;0.99998;0.00000
1.00000;0.00000;0.00000;0.00000;1.00000;0.00000
1.00000;1.00000;0.00000;0.00000;0.00000;0.00000
1.00000;0.32521;0.18003;0.27502;0.04221;0.17752
1.00000;0.99999;0.00000;0.00000;0.00000;0.00001
1.00000;0.00025;0.00000;0.00000;0.00000;0.99975
1.00000;0.00000;0.00000;0.00000;1.00000;0.00000
1.00000;0.00001;0.99999;0.00000;0.00000;0.00000
1.00000;0.00000;0.00000;0.00000;1.00000;0.00000
1.00000;0.00000;0.00000;0.00000;0.00000;1.00000
1.00000;0.00000;0.00000;0.00000;1.00000;0.00000
1.00000;0.00008;0.96046;0.03937;0.00009;0.00000
1.00000;0.00000;0.00000;0.00000;1.00000;0.00000
1.00000;0.00000;0.00000;0.99999;0.00000;0.00000
1.00000;0.00001;0.99999;0.00000;0.00000;0.00000
1.00000;0.00000;0.00000;0.00000;1.00000;0.00000
1.00000;0.00000;0.00000;0.00001;0.99999;0.00000
1.00000;0.15563;0.83741;0.00483;0.00193;0.00019
1.00000;0.99998;0.00002;0.00000;0.00000;0.00000
1.00000;0.00000;0.00000;0.00000;1.00000;0.00000
1.00000;0.04178;0.16654;0.76154;0.00033;0.02980
1.00000;0.99992;0.00001;0.00006;0.00000;0.00001
1.00000;0.99989;0.00011;0.00000;0.00001;0.00000
1.00000;0.99862;0.00135;0.00000;0.00000;0.00002
1.00000;0.00000;0.00000;0.00000;1.00000;0.00000
1.00000;0.00369;0.00009;0.99143;0.00000;0.00480
1.00000;0.00000;0.00000;0.00000;1.00000;0.00000
1.00000;0.23502;0.00079;0.40946;0.05947;0.29526
1.00000;0.74591;0.03069;0.06318;0.00040;0.15983
1.00000;0.13772;0.85105;0.00000;0.01121;0.00001
1.00000;0.87741;0.00273;0.02674;0.00001;0.09310
1.00000;0.99999;0.00000;0.00000;0.00000;0.00000
1.00000;0.00008;0.00000;0.00001;0.00000;0.99990
1.00000;0.00000;0.00000;1.00000;0.00000;0.00000
1.00000;0.00000;0.00000;0.00000;1.00000;0.00000
1.00000;0.00000;0.00000;0.00000;1.00000;0.00000
1.00000;0.00024;0.99976;0.00000;0.00000;0.00000
1.00000;0.45548;0.24043;0.14006;0.01918;0.14485
1.00000;0.32289;0.62673;0.04520;0.00002;0.00515
1.00000;0.99998;0.00002;0.00000;0.00000;0.00000
1.00000;0.00000;0.00000;0.00000;1.00000;0.00000
1.00000;0.00000;0.00000;0.00000;1.00000;0.00000
1.00000;0.00000;0.00000;0.00000;1.00000;0.00000
1.00000;0.00535;0.99454;0.00000;0.00011;0.00000
1.00000;0.00383;0.99617;0.00000;0.00000;0.00000
1.00000;0.03096;0.00000;0.01093;0.00000;0.95811
1.00000;0.34394;0.00009;0.30711;0.00025;0.34862
1.00000;0.00478;0.99407;0.00000;0.00114;0.00000
1.00000;0.00000;0.00000;0.00053;0.99947;0.00000
1.00000;0.00002;0.99998;0.00000;0.00000;0.00000
1.00000;0.23417;0.36770;0.25161;0.01023;0.13629
1.00000;0.00001;0.00000;0.00000;0.00000;0.99999
1.00000;0.00000;0.00000;1.00000;0.00000;0.00000
1.00000;0.00007;0.99993;0.00000;0.00000;0.00000
1.00000;0.99960;0.00006;0.00009;0.00000;0.00026
1.00000;0.00003;0.00000;0.99996;0.00000;0.00001
1.00000;0.00007;0.99630;0.00355;0.00008;0.00000
1.00000;0.00025;0.73951;0.25970;0.00051;0.00003
1.00000;0.00124;0.99871;0.00000;0.00006;0.00000
1.00000;0.00000;0.00000;0.00000;1.00000;0.00000
1.00000;0.06768;0.00000;0.00061;0.00000;0.93170
1.00000;0.00034;0.99562;0.00346;0.00058;0.00001
1.00000;0.03271;0.57109;0.38274;0.00380;0.00966
1.00000;0.18644;0.00004;0.00006;0.00000;0.81346
1.00000;0.99694;0.00304;0.00000;0.00000;0.00001
1.00000;0.99977;0.00022;0.00000;0.00000;0.00001
1.00000;0.00002;0.00000;0.00000;0.00000;0.99998
1.00000;0.01512;0.00004;0.97859;0.00000;0.00626
1.00000;0.00000;0.00000;0.99999;0.00000;0.00000
1.00000;0.25850;0.00024;0.49469;0.00008;0.24650
1.00000;0.00001;0.99999;0.00000;0.00000;0.00000
1.00000;0.01518;0.98481;0.00000;0.00000;0.00000
1.00000;0.00000;0.00000;0.00000;1.00000;0.00000
1.00000;0.07609;0.00004;0.00106;0.00000;0.92281
1.00000;0.04465;0.95346;0.00000;0.00188;0.00000
1.00000;0.14058;0.00451;0.69977;0.00204;0.15311
1.00000;0.03119;0.96878;0.00001;0.00002;0.00000
1.00000;0.01695;0.98294;0.00000;0.00010;0.00000
1.00000;0.97950;0.00029;0.00214;0.00000;0.01807
1.00000;0.00000;0.00000;0.00000;1.00000;0.00000
1.00000;0.00000;0.00000;1.00000;0.00000;0.00000
1.00000;0.00794;0.00000;0.98823;0.00000;0.00383
1.00000;0.34678;0.00007;0.40182;0.00002;0.25132
1.00000;0.03054;0.00004;0.24585;0.68669;0.03687
1.00000;0.00007;0.99993;0.00000;0.00000;0.00000
1.00000;0.00000;0.00000;0.00000;1.00000;0.00000
1.00000;0.00000;0.00000;0.00000;1.00000;0.00000
1.00000;0.00000;0.00000;1.00000;0.00000;0.00000
1.00000;0.10564;0.88214;0.00002;0.01219;0.00001
1.00000;1.00000;0.00000;0.00000;0.00000;0.00000
1.00000;0.99854;0.00145;0.00001;0.00000;0.00000
1.00000;0.00000;0.00000;0.00000;1.00000;0.00000
1.00000;0.99992;0.00007;0.00000;0.00000;0.00001
1.00000;0.00002;0.99997;0.00000;0.00001;0.00000
1.00000;0.15853;0.00650;0.26562;0.00003;0.56931
1.00000;0.99999;0.00000;0.00000;0.00000;0.00001
1.00000;0.00000;0.00000;0.00001;0.99999;0.00000
1.00000;0.00000;0.00003;0.99996;0.00000;0.00000
1.00000;0.00000;0.00000;0.00000;1.00000;0.00000
1.00000;0.01101;0.00002;0.00093;0.00000;0.98803
1.00000;0.22824;0.00043;0.23965;0.00008;0.53160
1.00000;0.01659;0.00000;0.00003;0.00000;0.98337
1.00000;0.21084;0.78854;0.00018;0.00029;0.00015
1.00000;0.00019;0.99980;0.00000;0.00000;0.00000
1.00000;0.99975;0.00000;0.00001;0.00000;0.00024
1.00000;0.28153;0.70980;0.00020;0.00843;0.00004
1.00000;0.00003;0.99997;0.00000;0.00000;0.00000
1.00000;0.00000;0.00000;1.00000;0.00000;0.00000
1.00000;0.00000;0.00000;0.00000;1.00000;0.00000
1.00000;0.00005;0.00000;0.99991;0.00000;0.00004
1.00000;0.00000;0.00000;1.00000;0.00000;0.00000
1.00000;0.00110;0.00000;0.00002;0.00000;0.99888
1.00000;0.04847;0.00072;0.00749;0.00000;0.94332
1.00000;0.19394;0.00018;0.73413;0.00002;0.07173
1.00000;0.00012;0.99988;0.00000;0.00000;0.00000
1.00000;0.00028;0.00000;0.00001;0.00000;0.99971
1.00000;0.99981;0.00004;0.00006;0.00000;0.00009
1.00000;0.00000;0.00000;1.00000;0.00000;0.00000
1.00000;0.00000;0.00000;0.00000;1.00000;0.00000
1.00000;0.00000;0.00000;0.00000;1.00000;0.00000
1.00000;0.97346;0.00041;0.00011;0.00000;0.02602
1.00000;0.00000;0.00000;1.00000;0.00000;0.00000
1.00000;0.00000;0.00000;0.00000;1.00000;0.00000
1.00000;0.00001;0.00000;0.00000;0.00000;0.99999
1.00000;0.37703;0.00019;0.23456;0.00006;0.38815
1.00000;0.00000;0.00000;0.99999;0.00000;0.00000
1.00000;0.00003;0.00000;0.00001;0.00000;0.99996
1.00000;0.32784;0.65179;0.00000;0.02036;0.00001
1.00000;0.00095;0.00000;0.00000;0.00000;0.99905
1.00000;0.02245;0.97039;0.00137;0.00001;0.00577
1.00000;0.00000;0.00000;0.99999;0.00000;0.00000
1.00000;0.00000;0.00000;0.99999;0.00000;0.00000
1.00000;0.00038;0.00000;0.99900;0.00000;0.00062
1.00000;0.99999;0.00000;0.00000;0.00000;0.00000
1.00000;0.00305;0.00007;0.70938;0.28347;0.00402
1.00000;0.00014;0.99986;0.00000;0.00000;0.00000
1.00000;0.28535;0.17846;0.27445;0.08137;0.18036
1.00000;0.13694;0.00003;0.07743;0.00004;0.78556
1.00000;0.03120;0.00007;0.95549;0.00002;0.01322
1.00000;0.00035;0.99958;0.00000;0.00008;0.00000
1.00000;0.99991;0.00000;0.00000;0.00000;0.00008
1.00000;0.03868;0.96132;0.00000;0.00000;0.00000
1.00000;0.00013;0.99560;0.00322;0.00105;0.00001
1.00000;0.08192;0.00009;0.38519;0.00000;0.53280
1.00000;1.00000;0.00000;0.00000;0.00000;0.00000
1.00000;0.00000;0.00000;1.00000;0.00000;0.00000
1.00000;0.22160;0.00009;0.27007;0.00001;0.50823
1.00000;0.08440;0.00010;0.85777;0.00001;0.05772
1.00000;0.00000;0.00000;0.00000;1.00000;0.00000
1.00000;0.47037;0.14304;0.16252;0.04581;0.17828
1.00000;0.00019;0.99981;0.00000;0.00000;0.00000
1.00000;0.00007;0.00000;0.00001;0.00000;0.99992
1.00000;0.00005;0.00014;0.99979;0.00000;0.00002
1.00000;0.00022;0.00000;0.00000;0.00000;0.99977
1.00000;0.00008;0.99990;0.00000;0.00001;0.00000
1.00000;0.29409;0.00041;0.32650;0.00004;0.37897
1.00000;0.00011;0.99371;0.00473;0.00145;0.00001
1.00000;0.00000;0.00000;0.00000;1.00000;0.00000
1.00000;0.99999;0.00000;0.00000;0.00000;0.00000
1.00000;0.11981;0.00010;0.11962;0.00174;0.75873
1.00000;0.00064;0.99936;0.00000;0.00000;0.00000
1.00000;0.02327;0.00001;0.04949;0.00001;0.92722
1.00000;0.43683;0.01455;0.19583;0.00004;0.35275
1.00000;0.00000;0.00000;0.00000;1.00000;0.00000
1.00000;0.99999;0.00000;0.00000;0.00000;0.00000
1.00000;0.03005;0.00003;0.87075;0.00046;0.09871
1.00000;0.42818;0.27908;0.00013;0.29232;0.00028
1.00000;0.40688;0.00076;0.41208;0.00006;0.18022
1.00000;0.00004;0.00000;0.99993;0.00000;0.00003
1.00000;0.00000;0.00000;0.00000;1.00000;0.00000
1.00000;0.00000;0.00000;0.00000;1.00000;0.00000
1.00000;0.00457;0.84029;0.00000;0.15514;0.00000
1.00000;0.00421;0.99578;0.00000;0.00002;0.00000
1.00000;0.00346;0.99654;0.00000;0.00000;0.00000
1.00000;0.00000;0.00000;0.00000;1.00000;0.00000
1.00000;0.34981;0.00011;0.25086;0.00008;0.39913
1.00000;0.00013;0.00000;0.00000;0.00000;0.99987
1.00000;0.52072;0.00045;0.21612;0.00000;0.26271
1.00000;0.24015;0.00030;0.65595;0.00013;0.10347
1.00000;0.27090;0.05381;0.46412;0.01978;0.19139
1.00000;0.00003;0.00000;0.00071;0.99924;0.00002
1.00000;0.00043;0.99957;0.00000;0.00000;0.00000
1.00000;0.99997;0.00002;0.00000;0.00000;0.00001
1.00000;0.99979;0.00003;0.00002;0.00000;0.00016
1.00000;0.00246;0.99754;0.00000;0.00000;0.00000
1.00000;0.00000;0.00000;0.00001;0.99999;0.00000
1.00000;0.99486;0.00002;0.00004;0.00000;0.00508
1.00000;0.30164;0.00067;0.44603;0.05523;0.19643
1.00000;0.00626;0.00000;0.00005;0.00000;0.99369
1.00000;0.00000;0.00000;0.00000;1.00000;0.00000
1.00000;0.00000;0.00000;0.00000;1.00000;0.00000
1.00000;0.00000;0.00000;0.00000;1.00000;0.00000
1.00000;0.00079;0.99920;0.00000;0.00001;0.00000
1.00000;0.52461;0.00154;0.00186;0.00001;0.47199
1.00000;0.00006;0.00000;0.99966;0.00023;0.00005
1.00000;0.00022;0.98779;0.01179;0.00019;0.00001
1.00000;0.06642;0.00004;0.01427;0.00000;0.91927
1.00000;0.00052;0.99948;0.00000;0.00000;0.00000
1.00000;0.00005;0.00000;0.99993;0.00000;0.00002
1.00000;0.17607;0.82229;0.00000;0.00163;0.00000
1.00000;0.00005;0.00000;0.00000;0.00000;0.99995
1.00000;0.34778;0.00007;0.06142;0.00002;0.59071
1.00000;0.00737;0.00000;0.02237;0.00000;0.97026
1.00000;0.44272;0.00017;0.34051;0.00002;0.21658
1.00000;0.00000;0.00000;0.00038;0.99962;0.00000
1.00000;0.00000;0.00000;0.00000;1.00000;0.00000
1.00000;0.27978;0.10130;0.34610;0.10281;0.17001
1.00000;0.00000;0.00000;0.00000;1.00000;0.00000
1.00000;0.00051;0.99949;0.00000;0.00000;0.00000
1.00000;0.25464;0.73478;0.00003;0.01054;0.00001
1.00000;0.00000;0.00000;0.99999;0.00000;0.00001
1.00000;0.23921;0.00014;0.36068;0.00002;0.39994
1.00000;0.00018;0.98069;0.01888;0.00024;0.00001
1.00000;0.00325;0.00000;0.00003;0.00000;0.99673
1.00000;0.00000;0.00000;0.00000;1.00000;0.00000
1.00000;0.00000;0.00000;0.99999;0.00000;0.00000
1.00000;0.00076;0.00000;0.99849;0.00000;0.00075
1.00000;0.00015;0.99985;0.00000;0.00000;0.00000
1.00000;0.00010;0.00000;0.99983;0.00000;0.00007
1.00000;0.28959;0.00023;0.57283;0.00004;0.13732
1.00000;0.05887;0.00285;0.85323;0.00012;0.08493
1.00000;0.00000;0.00000;0.00000;1.00000;0.00000
1.00000;0.00000;0.00000;0.00000;1.00000;0.00000
1.00000;0.25297;0.00012;0.27842;0.00268;0.46581
1.00000;0.85403;0.07850;0.00003;0.06743;0.00001
1.00000;0.21141;0.00090;0.64389;0.00172;0.14208
1.00000;0.00624;0.99357;0.00000;0.00019;0.00000
1.00000;0.08291;0.91682;0.00000;0.00027;0.00000
1.00000;0.99998;0.00000;0.00001;0.00000;0.00000
1.00000;0.08105;0.00004;0.90767;0.00002;0.01123
1.00000;0.00000;0.00000;0.00000;1.00000;0.00000
1.00000;0.00000;0.00000;0.00000;1.00000;0.00000
1.00000;0.00017;0.04832;0.95141;0.00005;0.00005
1.00000;0.00005;0.99995;0.00000;0.00000;0.00000
1.00000;0.01122;0.98875;0.00002;0.00000;0.00002
1.00000;0.28235;0.01759;0.26717;0.01120;0.42170
1.00000;0.06577;0.00005;0.75830;0.00001;0.17587
1.00000;0.00000;0.00000;0.99999;0.00000;0.00000
1.00000;0.01100;0.00000;0.00818;0.00000;0.98082
1.00000;0.30493;0.00056;0.41758;0.00228;0.27464
1.00000;0.31265;0.00008;0.28152;0.00013;0.40562
1.00000;0.62504;0.02225;0.23213;0.01991;0.10067
1.00000;0.31748;0.00007;0.27841;0.00010;0.40394
1.00000;0.00000;0.00000;0.00000;1.00000;0.00000
1.00000;0.99999;0.00000;0.00000;0.00000;0.00001
1.00000;0.00003;0.00000;0.00000;0.00000;0.99997
1.00000;0.01775;0.00000;0.00001;0.00000;0.98223
1.00000;0.00000;0.00000;0.00000;1.00000;0.00000
1.00000;0.00002;0.00000;0.99976;0.00022;0.00000
1.00000;0.00000;0.00000;0.00000;1.00000;0.00000
1.00000;0.56004;0.00007;0.26830;0.00018;0.17141
1.00000;0.04938;0.95058;0.00000;0.00004;0.00000
1.00000;0.07039;0.00001;0.00000;0.00000;0.92960
1.00000;0.00005;0.00000;0.00001;0.00000;0.99995
1.00000;0.00000;0.00000;0.00000;1.00000;0.00000
1.00000;0.17259;0.00010;0.19790;0.00001;0.62941
1.00000;0.04621;0.00033;0.02792;0.00001;0.92553
1.00000;0.00001;0.00000;0.99995;0.00004;0.00001
1.00000;0.00112;0.00000;0.99809;0.00001;0.00078
1.00000;0.97629;0.02350;0.00000;0.00021;0.00000
1.00000;0.30610;0.67071;0.00000;0.02317;0.00001
1.00000;0.00017;0.95666;0.04254;0.00062;0.00001
1.00000;0.00552;0.99423;0.00000;0.00025;0.00000
1.00000;0.00278;0.89172;0.10473;0.00061;0.00016
1.00000;0.00000;0.00000;0.00000;1.00000;0.00000
1.00000;0.44472;0.04063;0.28168;0.00374;0.22923
1.00000;0.63549;0.00620;0.24744;0.00130;0.10958
1.00000;0.00000;0.00000;0.00000;1.00000;0.00000
1.00000;0.06201;0.93684;0.00000;0.00115;0.00000
1.00000;0.99229;0.00765;0.00002;0.00001;0.00003
1.00000;0.35946;0.00015;0.32148;0.00005;0.31886
1.00000;0.00000;0.00000;0.00000;1.00000;0.00000
1.00000;0.08557;0.90676;0.00001;0.00766;0.00000
1.00000;0.00000;0.00000;0.00000;1.00000;0.00000
1.00000;0.00015;0.98640;0.01330;0.00014;0.00001
1.00000;0.00000;0.00000;0.99999;0.00000;0.00000
1.00000;0.99999;0.00001;0.00000;0.00000;0.00000
1.00000;0.00000;0.00000;0.00000;1.00000;0.00000
1.00000;0.00038;0.91717;0.08130;0.00112;0.00003
1.00000;0.14799;0.01350;0.25157;0.50437;0.08257
1.00000;0.15753;0.00009;0.44019;0.00002;0.40217
1.00000;0.00000;0.00000;0.00000;1.00000;0.00000
1.00000;0.00008;0.98563;0.01374;0.00054;0.00001
1.00000;0.02379;0.97577;0.00000;0.00045;0.00000
1.00000;0.98759;0.01168;0.00001;0.00073;0.00000
1.00000;0.03386;0.00000;0.02108;0.00000;0.94505
1.00000;0.03035;0.96364;0.00000;0.00601;0.00000
1.00000;0.08332;0.00008;0.49024;0.00001;0.42634
1.00000;0.99856;0.00080;0.00000;0.00063;0.00001
1.00000;0.42497;0.00022;0.42255;0.00001;0.15225
1.00000;0.82083;0.00011;0.10728;0.00000;0.07177
1.00000;0.00000;0.00000;0.00000;1.00000;0.00000
1.00000;0.15902;0.00008;0.00664;0.00000;0.83425
1.00000;0.99999;0.00000;0.00000;0.00000;0.00001
1.00000;0.89136;0.00236;0.00044;0.00033;0.10551
1.00000;0.24612;0.00036;0.24085;0.00001;0.51266
1.00000;0.00178;0.00000;0.00001;0.00000;0.99821
1.00000;0.13123;0.00007;0.77334;0.00002;0.09534
1.00000;0.91181;0.00002;0.00309;0.00000;0.08509
1.00000;0.18405;0.81559;0.00000;0.00035;0.00000
1.00000;0.00004;0.99996;0.00000;0.00000;0.00000
1.00000;0.00000;0.00000;0.00020;0.99980;0.00000
1.00000;0.00001;0.00001;0.99997;0.00000;0.00001
1.00000;0.00000;0.00000;0.00000;1.00000;0.00000
1.00000;0.00000;0.00000;0.00000;0.00000;1.00000
1.00000;0.00000;0.00000;0.99999;0.00000;0.00000
1.00000;0.00006;0.00000;0.99986;0.00000;0.00008
1.00000;0.00000;0.00000;0.00000;1.00000;0.00000
1.00000;0.00316;0.00598;0.98892;0.00001;0.00194
1.00000;0.99999;0.00000;0.00000;0.00000;0.00001
1.00000;0.00000;0.00000;0.00000;1.00000;0.00000
1.00000;0.00018;0.00001;0.99944;0.00000;0.00037
1.00000;0.01178;0.98821;0.00000;0.00000;0.00000
1.00000;0.17534;0.00043;0.20145;0.09694;0.52584
1.00000;0.00730;0.99270;0.00000;0.00000;0.00000
1.00000;0.08864;0.00004;0.86944;0.00000;0.04188
1.00000;0.14749;0.81794;0.00003;0.03454;0.00000
1.00000;0.00015;0.00000;0.00000;0.00000;0.99985
1.00000;0.00000;0.00000;0.00000;1.00000;0.00000
1.00000;0.00000;0.00000;1.00000;0.00000;0.00000
1.00000;0.67950;0.32019;0.00001;0.00029;0.00002
1.00000;1.00000;0.00000;0.00000;0.00000;0.00000
1.00000;0.30488;0.15041;0.22501;0.10047;0.21924
1.00000;0.00077;0.00001;0.99835;0.00001;0.00087
1.00000;0.00002;0.00000;0.99997;0.00000;0.00001
1.00000;0.00000;0.00000;1.00000;0.00000;0.00000
1.00000;0.00664;0.99333;0.00000;0.00003;0.00000
1.00000;0.00195;0.00000;0.00000;0.00000;0.99805
1.00000;0.97546;0.02452;0.00000;0.00002;0.00000
1.00000;0.00531;0.00004;0.99141;0.00000;0.00324
1.00000;0.02115;0.97883;0.00000;0.00002;0.00000
1.00000;0.00269;0.99682;0.00000;0.00048;0.00000
1.00000;0.99996;0.00000;0.00000;0.00000;0.00004
1.00000;0.99913;0.00085;0.00001;0.00001;0.00000
1.00000;0.00001;0.00000;0.99998;0.00000;0.00001
1.00000;0.00000;0.00000;0.00001;0.99999;0.00000
1.00000;0.77172;0.11711;0.08011;0.00226;0.02880
1.00000;0.00079;0.00000;0.00027;0.00000;0.99894
1.00000;0.27284;0.00014;0.46846;0.00033;0.25823
1.00000;0.00000;0.00000;0.00000;1.00000;0.00000
1.00000;0.36970;0.00012;0.55587;0.00000;0.07431
1.00000;0.00048;0.51355;0.48553;0.00037;0.00007
1.00000;0.00439;0.00000;0.00011;0.00000;0.99550
1.00000;0.00000;0.00000;1.00000;0.00000;0.00000
1.00000;0.00000;0.00000;0.00000;1.00000;0.00000
1.00000;0.09002;0.90990;0.00000;0.00008;0.00000
1.00000;0.41063;0.00009;0.21170;0.00003;0.37756
1.00000;0.02702;0.00001;0.45839;0.00000;0.51457
1.00000;0.00000;0.00000;0.00000;1.00000;0.00000
1.00000;0.99990;0.00008;0.00000;0.00000;0.00001
1.00000;0.00031;0.99968;0.00000;0.00001;0.00000
1.00000;0.42407;0.00041;0.38610;0.00002;0.18941
1.00000;0.99997;0.00002;0.00000;0.00000;0.00000
1.00000;1.00000;0.00000;0.00000;0.00000;0.00000
1.00000;0.08299;0.00002;0.00001;0.00000;0.91697
1.00000;0.99998;0.00000;0.00001;0.00000;0.00001
1.00000;0.99999;0.00000;0.00000;0.00000;0.00000
1.00000;0.00926;0.98901;0.00000;0.00173;0.00000
1.00000;0.12526;0.00052;0.56840;0.00000;0.30582
1.00000;0.00000;0.00000;0.00002;0.99998;0.00000
1.00000;0.00001;0.00000;0.99997;0.00000;0.00002
1.00000;0.99999;0.00000;0.00000;0.00000;0.00001
1.00000;0.00043;0.99625;0.00233;0.00098;0.00002
1.00000;0.00000;0.00000;0.00000;1.00000;0.00000
1.00000;0.01038;0.00001;0.00168;0.00000;0.98793
1.00000;0.48567;0.00426;0.45563;0.00007;0.05437
1.00000;1.00000;0.00000;0.00000;0.00000;0.00000
1.00000;0.00616;0.99377;0.00000;0.00006;0.00000
1.00000;0.64681;0.00186;0.18418;0.00016;0.16699
1.00000;0.00057;0.00001;0.99909;0.00000;0.00034
1.00000;0.49342;0.50634;0.00000;0.00023;0.00000
1.00000;0.00020;0.95643;0.04296;0.00040;0.00001
1.00000;0.00000;0.00000;0.00000;1.00000;0.00000
1.00000;0.27314;0.00028;0.30037;0.01943;0.40678
1.00000;0.99982;0.00000;0.00001;0.00000;0.00017
1.00000;0.99803;0.00197;0.00000;0.00000;0.00000
1.00000;0.14427;0.01723;0.73048;0.00016;0.10786
1.00000;0.00081;0.99919;0.00000;0.00000;0.00000
1.00000;0.38498;0.53052;0.00003;0.08447;0.00000
1.00000;0.00010;0.03291;0.96694;0.00002;0.00003
1.00000;0.00758;0.00001;0.98475;0.00000;0.00766
1.00000;0.05785;0.00000;0.00005;0.00000;0.94209
1.00000;0.00097;0.05903;0.93847;0.00015;0.00138
1.00000;0.37255;0.00009;0.28777;0.00006;0.33953
1.00000;0.05207;0.00000;0.00002;0.00000;0.94791
1.00000;0.12340;0.00072;0.00040;0.00002;0.87547
1.00000;0.99633;0.00155;0.00018;0.00184;0.00010
1.00000;0.00010;0.00000;0.00069;0.99892;0.00028
1.00000;0.99998;0.00000;0.00001;0.00000;0.00001
1.00000;0.00168;0.66126;0.33597;0.00071;0.00039
1.00000;0.00089;0.99907;0.00000;0.00004;0.00000
1.00000;0.01116;0.98860;0.00000;0.00024;0.00000
1.00000;0.22251;0.12247;0.50626;0.01430;0.13447
1.00000;0.00664;0.00006;0.01706;0.96998;0.00625
1.00000;0.44866;0.00011;0.22417;0.00002;0.32704
1.00000;0.48911;0.00183;0.24684;0.00002;0.26220
1.00000;0.89624;0.09677;0.00008;0.00684;0.00007
1.00000;0.93608;0.00067;0.04145;0.00005;0.02175
1.00000;0.00002;0.00000;0.99994;0.00000;0.00003
1.00000;0.00000;0.00000;0.00000;1.00000;0.00000
1.00000;0.03702;0.00002;0.91599;0.00000;0.04696
1.00000;0.00055;0.00000;0.98110;0.00340;0.01494
1.00000;0.06195;0.00003;0.83567;0.00001;0.10234
1.00000;0.47266;0.00364;0.00484;0.00057;0.51829
1.00000;0.00041;0.99174;0.00755;0.00030;0.00001
1.00000;0.00225;0.00000;0.00000;0.00000;0.99775
1.00000;0.00000;0.00000;0.00000;1.00000;0.00000
1.00000;0.00035;0.00000;0.00015;0.00000;0.99950
1.00000;0.36872;0.00005;0.27580;0.00002;0.35541
1.00000;0.99999;0.00000;0.00000;0.00000;0.00001
1.00000;0.00000;0.00000;0.99999;0.00000;0.00001
1.00000;0.00000;0.00000;0.00000;1.00000;0.00000
1.00000;0.99997;0.00000;0.00001;0.00000;0.00002
1.00000;0.02119;0.97676;0.00000;0.00206;0.00000
1.00000;0.00000;0.00000;1.00000;0.00000;0.00000
1.00000;0.41756;0.00152;0.22493;0.00009;0.35590
1.00000;0.00000;0.00000;0.00000;1.00000;0.00000
1.00000;0.27106;0.00340;0.30376;0.16270;0.25908
1.00000;1.00000;0.00000;0.00000;0.00000;0.00000
1.00000;0.06634;0.00002;0.01808;0.00002;0.91553
1.00000;0.99998;0.00000;0.00000;0.00000;0.00002
1.00000;0.00004;0.99996;0.00000;0.00000;0.00000
1.00000;0.00738;0.00000;0.00733;0.00000;0.98529
1.00000;0.99994;0.00005;0.00000;0.00000;0.00000
1.00000;0.18320;0.00687;0.52731;0.02406;0.25856
1.00000;1.00000;0.00000;0.00000;0.00000;0.00000
1.00000;0.60324;0.39558;0.00006;0.00111;0.00000
1.00000;0.39286;0.58920;0.00001;0.01792;0.00001
1.00000;0.77318;0.11408;0.00052;0.11222;0.00000
1.00000;0.00153;0.86763;0.12982;0.00082;0.00021
1.00000;0.00021;0.91573;0.08313;0.00091;0.00002
1.00000;0.10657;0.89273;0.00000;0.00070;0.00000
1.00000;0.00156;0.00000;0.00373;0.99300;0.00171
1.00000;0.00000;0.00000;0.00000;1.00000;0.00000
1.00000;0.14831;0.00174;0.41805;0.00000;0.43189
1.00000;0.99307;0.00612;0.00002;0.00077;0.00002
1.00000;0.00000;0.00000;1.00000;0.00000;0.00000
1.00000;1.00000;0.00000;0.00000;0.00000;0.00000
1.00000;0.00000;0.00000;0.00000;1.00000;0.00000
1.00000;0.99955;0.00002;0.00020;0.00000;0.00024
1.00000;0.29624;0.70374;0.00001;0.00001;0.00001
1.00000;0.00145;0.00000;0.99737;0.00000;0.00117
1.00000;0.00003;0.00000;0.99991;0.00001;0.00005
1.00000;0.00000;0.00000;0.00000;1.00000;0.00000
1.00000;0.00008;0.99992;0.00000;0.00000;0.00000
1.00000;0.03571;0.00000;0.00002;0.00000;0.96426
1.00000;0.00154;0.00000;0.00001;0.00000;0.99845
1.00000;0.00347;0.99520;0.00000;0.00133;0.00000
1.00000;0.00000;0.00000;0.99999;0.00000;0.00000
1.00000;0.28563;0.00659;0.62671;0.00341;0.07767
1.00000;0.99729;0.00268;0.00000;0.00002;0.00000
1.00000;0.00000;0.00000;1.00000;0.00000;0.00000
1.00000;1.00000;0.00000;0.00000;0.00000;0.00000
1.00000;1.00000;0.00000;0.00000;0.00000;0.00000
1.00000;0.00000;0.00000;0.00000;1.00000;0.00000
1.00000;0.99053;0.00025;0.00477;0.00000;0.00445
1.00000;0.08599;0.00706;0.22104;0.64376;0.04216
1.00000;0.65738;0.00012;0.00009;0.00000;0.34242
1.00000;0.00667;0.00010;0.99050;0.00000;0.00273
1.00000;0.00929;0.00000;0.00001;0.00000;0.99069
1.00000;0.71217;0.00754;0.19602;0.01702;0.06725
1.00000;0.14791;0.02105;0.71860;0.00260;0.10984
1.00000;0.99956;0.00039;0.00001;0.00000;0.00004
1.00000;0.00255;0.00000;0.00001;0.00000;0.99744
1.00000;0.00000;0.00000;0.00000;1.00000;0.00000
1.00000;0.00322;0.99649;0.00000;0.00029;0.00000
1.00000;0.02638;0.00006;0.94089;0.00000;0.03267
1.00000;0.01513;0.98446;0.00000;0.00040;0.00000
1.00000;0.00060;0.00010;0.99835;0.00000;0.00095
1.00000;0.20488;0.00006;0.58823;0.00234;0.20448
1.00000;0.74810;0.24940;0.00005;0.00244;0.00001
1.00000;0.26285;0.00040;0.51586;0.00005;0.22084
1.00000;0.00000;0.00000;0.00000;1.00000;0.00000
1.00000;0.18748;0.00008;0.23352;0.00010;0.57881
1.00000;0.04251;0.95321;0.00000;0.00427;0.00000
1.00000;0.99629;0.00364;0.00006;0.00000;0.00001
1.00000;0.00467;0.99522;0.00000;0.00011;0.00000
1.00000;0.25416;0.06370;0.36817;0.17997;0.13399
1.00000;0.43627;0.00087;0.00034;0.00000;0.56252
1.00000;0.00000;0.00000;0.00000;1.00000;0.00000
1.00000;0.00000;0.00000;0.00000;1.00000;0.00000
1.00000;0.38272;0.00010;0.20488;0.00005;0.41225
1.00000;0.00598;0.00003;0.97297;0.00000;0.02102
1.00000;0.26851;0.00207;0.47967;0.00040;0.24935
1.00000;0.00000;0.00000;0.00000;1.00000;0.00000
1.00000;0.00000;0.00000;0.00000;1.00000;0.00000
1.00000;0.99997;0.00002;0.00000;0.00000;0.00001
1.00000;0.00000;0.00000;0.00000;1.00000;0.00000
1.00000;0.00001;0.00000;0.99998;0.00000;0.00001
1.00000;0.00594;0.00004;0.99051;0.00002;0.00350
1.00000;0.02654;0.97322;0.00000;0.00024;0.00000
1.00000;0.13045;0.86645;0.00000;0.00310;0.00000
1.00000;0.99999;0.00000;0.00000;0.00000;0.00001
1.00000;0.11969;0.72793;0.00002;0.15236;0.00000
1.00000;0.00008;0.00000;0.00000;0.00000;0.99991
1.00000;0.06457;0.93539;0.00000;0.00003;0.00000
1.00000;0.00071;0.99927;0.00000;0.00001;0.00000
1.00000;0.30342;0.00014;0.36197;0.00011;0.33436
1.00000;0.35258;0.64719;0.00000;0.00023;0.00000
1.00000;0.02459;0.97536;0.00000;0.00006;0.00000
1.00000;0.00000;0.00000;0.00000;1.00000;0.00000
1.00000;0.99996;0.00000;0.00000;0.00000;0.00004
1.00000;0.00016;0.99984;0.00000;0.00000;0.00000
1.00000;0.99988;0.00010;0.00000;0.00000;0.00002
1.00000;0.00239;0.99756;0.00000;0.00005;0.00000
1.00000;0.10745;0.00006;0.00171;0.00000;0.89078
1.00000;0.00000;0.00000;0.00000;1.00000;0.00000
1.00000;0.00000;0.00000;0.00002;0.99998;0.00000
1.00000;0.21489;0.15402;0.39926;0.03130;0.20053
1.00000;0.00000;0.00000;0.00000;1.00000;0.00000
1.00000;0.12219;0.87762;0.00003;0.00015;0.00001
1.00000;0.00083;0.99917;0.00000;0.00000;0.00000
1.00000;0.16824;0.00014;0.20673;0.00016;0.62473
1.00000;0.00006;0.99994;0.00000;0.00000;0.00000
1.00000;0.00000;0.00000;0.00000;1.00000;0.00000
1.00000;0.99996;0.00002;0.00000;0.00000;0.00001
1.00000;0.88591;0.06141;0.03369;0.00575;0.01323
1.00000;0.00005;0.00000;0.99985;0.00000;0.00009
1.00000;0.00032;0.00000;0.00000;0.00000;0.99968
1.00000;0.00008;0.09105;0.90882;0.00003;0.00002
1.00000;0.07601;0.00002;0.03289;0.00002;0.89106
1.00000;0.99302;0.00560;0.00004;0.00133;0.00000
1.00000;0.06569;0.00004;0.00514;0.00000;0.92913
1.00000;0.01616;0.00011;0.04908;0.00000;0.93464
1.00000;0.01935;0.00002;0.00396;0.00000;0.97668
1.00000;0.01520;0.00000;0.00001;0.00000;0.98479
1.00000;0.06669;0.93176;0.00000;0.00155;0.00000
1.00000;0.00022;0.00000;0.99968;0.00000;0.00010
1.00000;0.47058;0.00036;0.25961;0.00643;0.26303
1.00000;0.27662;0.00006;0.39190;0.00009;0.33133
1.00000;0.00032;0.98635;0.01250;0.00082;0.00001
1.00000;0.99999;0.00000;0.00000;0.00000;0.00001
1.00000;0.00386;0.00001;0.00974;0.00005;0.98634
1.00000;0.27102;0.00019;0.52154;0.00006;0.20719
1.00000;0.34435;0.00007;0.21790;0.00008;0.43759
1.00000;0.98932;0.00155;0.00416;0.00000;0.00497
1.00000;0.13827;0.00001;0.00003;0.00000;0.86170
1.00000;0.03124;0.96491;0.00000;0.00385;0.00000
1.00000;0.01639;0.00002;0.96776;0.00003;0.01580
1.00000;0.00011;0.00000;0.00000;0.00000;0.99989
1.00000;0.99984;0.00015;0.00001;0.00000;0.00000
1.00000;0.99969;0.00029;0.00000;0.00000;0.00002
1.00000;0.00000;0.00000;0.00000;1.00000;0.00000
1.00000;0.01033;0.00048;0.27752;0.70183;0.00984
1.00000;0.00125;0.00000;0.99755;0.00000;0.00120
1.00000;0.00000;0.00000;0.00000;1.00000;0.00000
1.00000;0.00001;0.00000;0.99998;0.00000;0.00001
1.00000;0.99763;0.00231;0.00001;0.00004;0.00001
1.00000;0.00000;0.00000;0.00000;1.00000;0.00000
1.00000;1.00000;0.00000;0.00000;0.00000;0.00000
1.00000;0.00085;0.99914;0.00000;0.00000;0.00000
1.00000;0.01305;0.98693;0.00000;0.00002;0.00000
1.00000;0.00000;0.00000;0.00000;1.00000;0.00000
1.00000;0.00000;0.00000;0.00000;1.00000;0.00000
1.00000;0.00000;0.00000;0.00000;1.00000;0.00000
1.00000;0.00000;0.00000;0.99999;0.00000;0.00000
1.00000;0.17915;0.81828;0.00074;0.00157;0.00027
1.00000;0.00116;0.00010;0.00001;0.99872;0.00000
1.00000;0.00002;0.00024;0.99973;0.00000;0.00002
1.00000;0.93829;0.00364;0.01653;0.00005;0.04150
1.00000;0.00000;0.00000;0.00000;1.00000;0.00000
1.00000;0.00229;0.00000;0.00003;0.00000;0.99767
1.00000;0.01836;0.98116;0.00000;0.00047;0.00000
1.00000;0.00052;0.99948;0.00000;0.00000;0.00000
1.00000;0.31713;0.00012;0.37105;0.00025;0.31146
1.00000;0.48845;0.00035;0.38751;0.00002;0.12367
1.00000;0.05788;0.00003;0.00085;0.00000;0.94123
1.00000;0.98164;0.01821;0.00000;0.00014;0.00000
1.00000;0.00009;0.99991;0.00000;0.00000;0.00000
1.00000;0.15153;0.00007;0.75127;0.00001;0.09713
1.00000;0.00219;0.00001;0.97457;0.00001;0.02323
1.00000;0.00000;0.00000;0.00000;1.00000;0.00000
1.00000;0.00006;0.00000;0.00000;0.00000;0.99994
1.00000;0.03937;0.00005;0.01024;0.00079;0.94955
1.00000;0.00914;0.00006;0.98329;0.00000;0.00752
1.00000;0.00000;0.00000;1.00000;0.00000;0.00000
1.00000;0.00000;0.00000;0.00000;1.00000;0.00000
1.00000;0.25510;0.32748;0.29336;0.01208;0.11198
1.00000;0.99996;0.00004;0.00000;0.00000;0.00000
1.00000;0.00012;0.99306;0.00644;0.00039;0.00000
1.00000;0.00012;0.00000;0.99976;0.00000;0.00011
1.00000;0.00024;0.99976;0.00000;0.00000;0.00000
1.00000;0.99999;0.00000;0.00000;0.00000;0.00001
1.00000;0.33311;0.00008;0.36337;0.00006;0.30339
1.00000;0.00002;0.00000;0.00000;0.99998;0.00000
1.00000;0.00074;0.00000;0.00001;0.00000;0.99925
1.00000;0.00407;0.99593;0.00000;0.00000;0.00000
1.00000;0.14320;0.00156;0.21834;0.00052;0.63639
1.00000;0.00000;0.00000;0.00000;1.00000;0.00000
1.00000;0.08063;0.00018;0.87378;0.00029;0.04512
1.00000;0.00009;0.99991;0.00000;0.00000;0.00000
1.00000;0.00005;0.00000;0.99991;0.00000;0.00003
1.00000;0.09176;0.00045;0.77894;0.00894;0.11991
1.00000;0.00001;0.00000;0.00013;0.99984;0.00002
1.00000;0.00000;0.00000;0.00000;1.00000;0.00000
1.00000;0.29495;0.00007;0.37489;0.00001;0.33008
1.00000;0.01135;0.00012;0.01566;0.95836;0.01452
1.00000;0.23014;0.00338;0.56589;0.03621;0.16439
1.00000;0.00004;0.00000;0.99991;0.00001;0.00004
1.00000;0.01803;0.00003;0.96800;0.00002;0.01392
1.00000;0.00068;0.00003;0.51543;0.48334;0.00052
1.00000;0.06657;0.93011;0.00086;0.00023;0.00223
1.00000;0.46545;0.00073;0.19825;0.00238;0.33320
1.00000;0.18155;0.00019;0.26595;0.00000;0.55230
1.00000;0.00013;0.97196;0.02777;0.00014;0.00001
1.00000;0.00002;0.00000;0.00000;0.00000;0.99998
1.00000;0.00007;0.00023;0.99951;0.00000;0.00020
1.00000;0.00031;0.00000;0.00031;0.00000;0.99937
1.00000;0.00761;0.00000;0.00001;0.00000;0.99238
1.00000;0.17391;0.82339;0.00001;0.00269;0.00000
1.00000;0.23256;0.07012;0.52725;0.00268;0.16740
1.00000;1.00000;0.00000;0.00000;0.00000;0.00000
1.00000;0.00000;0.00000;0.00000;1.00000;0.00000
1.00000;0.00179;0.98854;0.00000;0.00967;0.00000
1.00000;0.00009;0.00000;0.00012;0.99973;0.00007
1.00000;0.00010;0.98365;0.01460;0.00165;0.00001
1.00000;0.22287;0.00037;0.36238;0.00015;0.41423
1.00000;0.00009;0.00000;0.00000;0.00000;0.99991
1.00000;0.99999;0.00001;0.00000;0.00000;0.00000
1.00000;0.29490;0.66461;0.00003;0.04045;0.00001
1.00000;0.00000;0.00000;0.00000;1.00000;0.00000
1.00000;0.00000;0.00000;1.00000;0.00000;0.00000
1.00000;0.36438;0.00027;0.19441;0.00002;0.44092
1.00000;0.00000;0.00000;0.00001;0.99999;0.00000
1.00000;0.00000;0.00000;0.00000;1.00000;0.00000
1.00000;0.00041;0.99959;0.00000;0.00000;0.00000
1.00000;0.00000;0.00000;0.00000;1.00000;0.00000
1.00000;0.08243;0.00013;0.86024;0.00001;0.05719
1.00000;0.00000;0.00000;0.00000;1.00000;0.00000
1.00000;0.02997;0.00000;0.00199;0.00000;0.96804
1.00000;0.00020;0.97405;0.02529;0.00044;0.00001
1.00000;0.24554;0.00028;0.31952;0.00008;0.43459
1.00000;0.47896;0.11682;0.26879;0.00956;0.12587
1.00000;0.08571;0.00017;0.78476;0.00006;0.12930
1.00000;0.00000;0.00000;1.00000;0.00000;0.00000
1.00000;0.00187;0.99812;0.00000;0.00001;0.00000
1.00000;0.00000;0.00000;0.00000;1.00000;0.00000
1.00000;0.19890;0.00091;0.47627;0.01569;0.30824
1.00000;0.99739;0.00000;0.00001;0.00000;0.00260
1.00000;0.09356;0.00004;0.28790;0.00002;0.61848
1.00000;0.00005;0.00000;0.99978;0.00009;0.00007
1.00000;0.00474;0.99526;0.00000;0.00000;0.00000
1.00000;0.99992;0.00005;0.00000;0.00000;0.00002
1.00000;0.00001;0.00000;0.00001;0.00000;0.99998
1.00000;0.00556;0.99444;0.00000;0.00000;0.00000
1.00000;0.03394;0.02731;0.90986;0.00024;0.02866
1.00000;0.99847;0.00134;0.00006;0.00000;0.00013
1.00000;0.98973;0.01026;0.00000;0.00001;0.00000
1.00000;0.01807;0.97658;0.00000;0.00535;0.00000
1.00000;0.00000;0.00000;1.00000;0.00000;0.00000
1.00000;0.30861;0.27159;0.23137;0.05612;0.13231
1.00000;0.99996;0.00003;0.00000;0.00000;0.00001
1.00000;0.00094;0.00000;0.00006;0.00000;0.99900
1.00000;0.03770;0.95383;0.00000;0.00847;0.00000
1.00000;0.03536;0.00000;0.00001;0.00000;0.96462
1.00000;0.02347;0.00125;0.94248;0.00003;0.03276
1.00000;0.22322;0.00008;0.00297;0.00000;0.77372
1.00000;0.11232;0.00015;0.66481;0.00001;0.22271
1.00000;0.00000;0.00000;0.00000;1.00000;0.00000
1.00000;0.00029;0.95748;0.04162;0.00059;0.00002
1.00000;0.27739;0.00007;0.54675;0.00000;0.17578
1.00000;0.78614;0.00003;0.11678;0.00001;0.09704
1.00000;0.33973;0.00451;0.39395;0.00129;0.26053
1.00000;0.00000;0.00000;0.00000;1.00000;0.00000
1.00000;0.00014;0.00000;0.00000;0.00000;0.99985
1.00000;0.00019;0.99939;0.00000;0.00042;0.00000
1.00000;0.08343;0.91616;0.00000;0.00040;0.00001
1.00000;0.98378;0.00010;0.00252;0.00002;0.01358
1.00000;0.00000;0.00000;0.00000;1.00000;0.00000
1.00000;0.00219;0.00000;0.00000;0.00000;0.99781
1.00000;0.00000;0.00000;0.00000;1.00000;0.00000
1.00000;0.04623;0.00005;0.04587;0.00074;0.90711
1.00000;0.00000;0.00000;0.00000;1.00000;0.00000
1.00000;0.00000;0.00000;0.00018;0.99981;0.00000
1.00000;0.45345;0.42019;0.04737;0.00036;0.07863
1.00000;0.30421;0.07058;0.43530;0.00199;0.18792
1.00000;0.00018;0.97458;0.02412;0.00111;0.00001
1.00000;0.00000;0.00000;0.00000;1.00000;0.00000
1.00000;0.00000;0.00000;0.00000;1.00000;0.00000
1.00000;0.00056;0.00001;0.99901;0.00000;0.00042
1.00000;0.17940;0.00007;0.26836;0.00000;0.55217
1.00000;0.05680;0.00010;0.88170;0.00005;0.06135
1.00000;0.99993;0.00005;0.00001;0.00001;0.00001
1.00000;0.00003;0.00000;0.99996;0.00000;0.00001
1.00000;0.03754;0.80120;0.14873;0.00351;0.00902
1.00000;0.00000;0.00000;0.00000;1.00000;0.00000
1.00000;0.99993;0.00006;0.00000;0.00000;0.00001
1.00000;0.12358;0.00014;0.00266;0.00000;0.87361
1.00000;0.99974;0.00023;0.00000;0.00002;0.00000
1.00000;0.00000;0.00000;0.00000;1.00000;0.00000
1.00000;0.01839;0.00001;0.00753;0.00000;0.97407
1.00000;0.00001;0.99999;0.00000;0.00000;0.00000
1.00000;0.01910;0.00000;0.01429;0.00000;0.96660
1.00000;0.20845;0.00012;0.45160;0.00001;0.33982
1.00000;0.10193;0.00010;0.80285;0.00260;0.09253
1.00000;0.99902;0.00007;0.00001;0.00000;0.00090
1.00000;0.00000;0.00000;0.00000;1.00000;0.00000
1.00000;0.00034;0.74890;0.25011;0.00055;0.00010
1.00000;0.18805;0.00021;0.70406;0.00027;0.10741
1.00000;0.31007;0.00014;0.19030;0.00000;0.49949
1.00000;0.00001;0.00000;0.99999;0.00000;0.00000
1.00000;0.00000;0.00000;0.00000;1.00000;0.00000
1.00000;0.00000;0.00000;0.00000;1.00000;0.00000
1.00000;0.00049;0.99951;0.00000;0.00000;0.00000
1.00000;0.32160;0.00007;0.37373;0.00010;0.30450
1.00000;0.00011;0.00000;0.99980;0.00000;0.00010
1.00000;0.00015;0.98589;0.01350;0.00044;0.00001
1.00000;0.27474;0.10170;0.36218;0.00345;0.25794
1.00000;0.01824;0.98175;0.00000;0.00002;0.00000
1.00000;0.00010;0.00000;0.00000;0.00000;0.99990
1.00000;0.02476;0.00000;0.53065;0.00000;0.44458
1.00000;0.33624;0.00017;0.33771;0.00007;0.32580
1.00000;0.07592;0.92367;0.00000;0.00041;0.00000
1.00000;0.48510;0.00081;0.16759;0.00031;0.34619
1.00000;0.00003;0.00000;0.99994;0.00000;0.00003
1.00000;0.04075;0.00003;0.00466;0.00000;0.95456
1.00000;0.29798;0.02187;0.48125;0.02703;0.17186
1.00000;0.94172;0.05822;0.00000;0.00005;0.00000
1.00000;0.00007;0.99993;0.00000;0.00000;0.00000
1.00000;0.00000;0.00000;0.00000;1.00000;0.00000
1.00000;0.00013;0.00000;0.00507;0.99465;0.00014
1.00000;1.00000;0.00000;0.00000;0.00000;0.00000
1.00000;0.00022;0.00000;0.00000;0.00000;0.99978
1.00000;0.00529;0.00004;0.99134;0.00000;0.00333
1.00000;0.01135;0.00000;0.00740;0.00000;0.98125
1.00000;0.93946;0.06053;0.00000;0.00001;0.00000
1.00000;0.02393;0.00000;0.00003;0.00000;0.97604
1.00000;0.00000;0.00000;0.00000;1.00000;0.00000
1.00000;0.00000;0.00000;0.00000;1.00000;0.00000
1.00000;0.11390;0.88602;0.00000;0.00007;0.00000
1.00000;0.99999;0.00000;0.00000;0.00000;0.00001
1.00000;0.29913;0.03702;0.40172;0.00196;0.26017
1.00000;0.00000;0.00000;0.00000;1.00000;0.00000
1.00000;0.00001;0.00000;0.99998;0.00000;0.00001
1.00000;0.00208;0.00000;0.00000;0.00000;0.99791
1.00000;0.31647;0.00002;0.42362;0.00038;0.25950
1.00000;0.00021;0.99979;0.00000;0.00000;0.00000
1.00000;0.08791;0.00003;0.79137;0.00001;0.12068
1.00000;0.00123;0.99877;0.00000;0.00000;0.00000
1.00000;0.19247;0.00026;0.04678;0.00000;0.76048
1.00000;0.00027;0.00000;0.00000;0.00000;0.99973
1.00000;0.00003;0.00000;0.00001;0.00000;0.99996
1.00000;0.00038;0.99962;0.00000;0.00000;0.00000
1.00000;0.98639;0.00075;0.00179;0.00001;0.01107
1.00000;0.00000;0.00000;0.00000;1.00000;0.00000
1.00000;0.01227;0.00000;0.00004;0.00000;0.98768
1.00000;0.53751;0.00038;0.22041;0.00003;0.24167
1.00000;0.00000;0.00000;0.00000;1.00000;0.00000
1.00000;0.00000;0.00000;1.00000;0.00000;0.00000
1.00000;0.00011;0.99989;0.00000;0.00000;0.00000
1.00000;0.02151;0.97823;0.00000;0.00026;0.00000
1.00000;0.00008;0.92820;0.07074;0.00097;0.00002
1.00000;1.00000;0.00000;0.00000;0.00000;0.00000
1.00000;0.19577;0.00737;0.65682;0.02356;0.11648
1.00000;0.10621;0.00002;0.32084;0.00001;0.57292
1.00000;0.01840;0.98160;0.00000;0.00000;0.00000
1.00000;0.23567;0.03587;0.55378;0.02431;0.15038
1.00000;0.03687;0.00002;0.93319;0.00000;0.02992
1.00000;0.00000;0.00000;0.00000;1.00000;0.00000
1.00000;0.00043;0.00000;0.00001;0.00000;0.99956
1.00000;0.00000;0.00000;0.00000;1.00000;0.00000
1.00000;0.00285;0.99710;0.00000;0.00005;0.00000
1.00000;0.00004;0.00000;0.00003;0.00000;0.99993
1.00000;0.00000;0.00000;0.00000;1.00000;0.00000
1.00000;0.00014;0.99173;0.00772;0.00041;0.00000
1.00000;0.00003;0.99997;0.00000;0.00000;0.00000
1.00000;0.00001;0.99999;0.00000;0.00000;0.00000
1.00000;0.00000;0.00000;0.00000;1.00000;0.00000
1.00000;0.00000;0.00000;0.00000;1.00000;0.00000
1.00000;0.08078;0.00005;0.00068;0.00001;0.91848
1.00000;0.00000;0.00000;0.00000;1.00000;0.00000
1.00000;0.00000;0.00000;0.00000;1.00000;0.00000
1.00000;0.99939;0.00055;0.00000;0.00006;0.00000
1.00000;0.98792;0.01208;0.00000;0.00000;0.00000
1.00000;0.00000;0.00000;0.00000;1.00000;0.00000
1.00000;0.00000;0.00000;0.00000;1.00000;0.00000
1.00000;0.95644;0.00001;0.00005;0.00001;0.04348
1.00000;0.00000;0.00000;0.00000;1.00000;0.00000
1.00000;0.24493;0.75297;0.00005;0.00201;0.00004
1.00000;0.00000;0.00000;0.00000;1.00000;0.00000
1.00000;0.13909;0.00013;0.71582;0.00004;0.14492
1.00000;0.99945;0.00000;0.00000;0.00000;0.00054
1.00000;0.00000;0.00000;0.00000;1.00000;0.00000
1.00000;0.28459;0.00013;0.54421;0.00005;0.17103
1.00000;0.99921;0.00076;0.00002;0.00000;0.00000
1.00000;0.00845;0.99151;0.00000;0.00005;0.00000
1.00000;0.82566;0.00002;0.00044;0.00000;0.17388
1.00000;0.30376;0.00012;0.18095;0.00004;0.51513
1.00000;0.03159;0.96364;0.00001;0.00476;0.00000
1.00000;0.00048;0.99952;0.00000;0.00000;0.00000
1.00000;0.24539;0.00017;0.43880;0.00026;0.31538
1.00000;0.00163;0.00004;0.99669;0.00000;0.00164
1.00000;0.99939;0.00000;0.00000;0.00000;0.00060
1.00000;0.19093;0.80901;0.00000;0.00006;0.00000
1.00000;0.03016;0.01131;0.92916;0.00002;0.02935
1.00000;0.00549;0.98880;0.00371;0.00187;0.00014
1.00000;0.99996;0.00000;0.00000;0.00000;0.00004
1.00000;0.34600;0.00032;0.44904;0.00068;0.20396
1.00000;0.34974;0.00017;0.13777;0.00016;0.51216
1.00000;0.26465;0.00029;0.43698;0.00006;0.29802
1.00000;0.00260;0.99740;0.00000;0.00000;0.00000
1.00000;0.25790;0.00004;0.38751;0.00001;0.35453
1.00000;0.28747;0.13425;0.33791;0.02849;0.21188
1.00000;0.00022;0.91689;0.08200;0.00087;0.00002
1.00000;0.00000;0.00000;0.00000;1.00000;0.00000
1.00000;0.00000;0.00000;0.00000;1.00000;0.00000
1.00000;0.23237;0.00054;0.15910;0.00016;0.60783
1.00000;0.12345;0.87644;0.00000;0.00011;0.00000
1.00000;0.00341;0.99659;0.00000;0.00000;0.00000
