1.00000;0.08527;0.90859;0.00000;0.00614;0.00000
1.00000;0.00001;0.00000;0.99998;0.00000;0.00001
1.00000;0.16211;0.82626;0.00001;0.01160;0.00002
1.00000;0.00001;0.00011;0.99987;0.00000;0.00002
1.00000;0.72738;0.00026;0.03288;0.00011;0.23938
1.00000;0.01746;0.00001;0.00003;0.00000;0.98250
1.00000;0.00004;0.99996;0.00000;0.00000;0.00000
1.00000;0.00001;0.00000;0.00000;0.00000;0.99999
1.00000;0.09566;0.00233;0.67591;0.00045;0.22565
1.00000;0.00000;0.00000;0.00000;1.00000;0.00000
1.00000;0.00002;0.00000;0.99998;0.00000;0.00000
1.00000;0.00000;0.00000;0.00000;1.00000;0.00000
1.00000;0.14734;0.84389;0.00002;0.00874;0.00001
1.00000;0.07114;0.00009;0.13412;0.70350;0.09114
1.00000;0.00027;0.98589;0.01338;0.00044;0.00003
1.00000;0.00000;0.00000;0.00000;1.00000;0.00000
1.00000;0.00000;0.00000;0.00000;1.00000;0.00000
1.00000;0.09006;0.00000;0.00013;0.00001;0.90980
1.00000;0.00021;0.00000;0.99959;0.00000;0.00019
1.00000;0.00000;0.00000;1.00000;0.00000;0.00000
1.00000;0.00000;0.00000;1.00000;0.00000;0.00000
1.00000;0.73969;0.00254;0.21273;0.00002;0.04502
1.00000;0.04421;0.95577;0.00001;0.00001;0.00000
1.00000;0.22585;0.00006;0.36068;0.00019;0.41322
1.00000;0.00000;0.00000;0.00001;0.99998;0.00000
1.00000;0.00000;0.00000;0.00000;1.00000;0.00000
1.00000;1.00000;0.00000;0.00000;0.00000;0.00000
1.00000;0.13457;0.32088;0.33757;0.04025;0.16673
1.00000;0.99999;0.00000;0.00000;0.00000;0.00001
1.00000;0.00025;0.00000;0.00000;0.00000;0.99975
1.00000;0.00000;0.00000;0.00000;1.00000;0.00000
1.00000;0.00001;0.99999;0.00000;0.00000;0.00000
1.00000;0.00000;0.00000;0.00000;1.00000;0.00000
1.00000;0.00000;0.00000;0.00000;0.00000;1.00000
1.00000;0.00000;0.00000;0.00000;1.00000;0.00000
1.00000;0.00008;0.96046;0.03937;0.00009;0.00000
1.00000;0.00000;0.00000;0.00000;1.00000;0.00000
1.00000;0.00000;0.00000;0.99999;0.00000;0.00000
1.00000;0.00001;0.99999;0.00000;0.00000;0.00000
1.00000;0.00000;0.00000;0.00000;1.00000;0.00000
1.00000;0.00000;0.00000;0.00001;0.99999;0.00000
1.00000;0.15563;0.83741;0.00483;0.00193;0.00019
1.00000;0.99998;0.00002;0.00000;0.00000;0.00000
1.00000;0.00000;0.00000;0.00000;1.00000;0.00000
1.00000;0.01212;0.16492;0.81887;0.00083;0.00326
1.00000;0.99992;0.00001;0.00006;0.00000;0.00001
1.00000;0.99989;0.00011;0.00000;0.00001;0.00000
1.00000;0.99862;0.00135;0.00000;0.00000;0.00002
1.00000;0.00000;0.00000;0.00000;1.00000;0.00000
1.00000;0.00843;0.00131;0.98009;0.00000;0.01017
1.00000;0.00000;0.00000;0.00000;1.00000;0.00000
1.00000;0.00788;0.00001;0.00934;0.97297;0.00980
1.00000;0.17151;0.00285;0.15954;0.00030;0.66580
1.00000;0.13772;0.85105;0.00000;0.01121;0.00001
1.00000;0.69407;0.03136;0.00387;0.00012;0.27058
1.00000;0.99999;0.00000;0.00000;0.00000;0.00000
1.00000;0.00008;0.00000;0.00001;0.00000;0.99990
1.00000;0.00000;0.00000;1.00000;0.00000;0.00000
1.00000;0.00000;0.00000;0.00000;1.00000;0.00000
1.00000;0.00000;0.00000;0.00000;1.00000;0.00000
1.00000;0.00024;0.99976;0.00000;0.00000;0.00000
1.00000;0.05578;0.55352;0.33228;0.01253;0.04589
1.00000;0.54609;0.43707;0.01558;0.00008;0.00118
1.00000;0.99998;0.00002;0.00000;0.00000;0.00000
1.00000;0.00000;0.00000;0.00000;1.00000;0.00000
1.00000;0.00000;0.00000;0.00000;1.00000;0.00000
1.00000;0.00000;0.00000;0.00000;1.00000;0.00000
1.00000;0.00747;0.99253;0.00000;0.00000;0.00000
1.00000;0.00383;0.99617;0.00000;0.00000;0.00000
1.00000;0.03096;0.00000;0.01093;0.00000;0.95811
1.00000;0.34394;0.00009;0.30711;0.00025;0.34862
1.00000;0.00871;0.98997;0.00000;0.00132;0.00000
1.00000;0.00000;0.00000;0.00000;1.00000;0.00000
1.00000;0.00002;0.99998;0.00000;0.00000;0.00000
1.00000;0.05236;0.36903;0.49626;0.01004;0.07230
1.00000;0.00001;0.00000;0.00000;0.00000;0.99999
1.00000;0.00000;0.00000;1.00000;0.00000;0.00000
1.00000;0.00007;0.99993;0.00000;0.00000;0.00000
1.00000;0.99960;0.00006;0.00009;0.00000;0.00026
1.00000;0.00003;0.00000;0.99996;0.00000;0.00001
1.00000;0.00007;0.99630;0.00355;0.00008;0.00000
1.00000;0.00025;0.73951;0.25970;0.00051;0.00003
1.00000;0.00124;0.99871;0.00000;0.00006;0.00000
1.00000;0.00000;0.00000;0.00000;1.00000;0.00000
1.00000;0.06768;0.00000;0.00061;0.00000;0.93170
1.00000;0.00034;0.99562;0.00346;0.00058;0.00001
1.00000;0.00082;0.83456;0.16135;0.00290;0.00037
1.00000;0.08774;0.00002;0.00014;0.00000;0.91211
1.00000;0.99655;0.00341;0.00001;0.00000;0.00003
1.00000;0.99977;0.00022;0.00000;0.00000;0.00001
1.00000;0.00002;0.00000;0.00000;0.00000;0.99998
1.00000;0.01512;0.00004;0.97859;0.00000;0.00626
1.00000;0.00000;0.00000;0.99999;0.00000;0.00000
1.00000;0.25850;0.00024;0.49469;0.00008;0.24650
1.00000;0.00001;0.99999;0.00000;0.00000;0.00000
1.00000;0.01518;0.98481;0.00000;0.00000;0.00000
1.00000;0.00000;0.00000;0.00000;1.00000;0.00000
1.00000;0.07928;0.00004;0.00109;0.00000;0.91959
1.00000;0.04465;0.95346;0.00000;0.00188;0.00000
1.00000;0.23843;0.01400;0.38275;0.03245;0.33238
1.00000;0.03119;0.96878;0.00001;0.00002;0.00000
1.00000;0.01695;0.98294;0.00000;0.00010;0.00000
1.00000;0.61408;0.00021;0.00249;0.00002;0.38321
1.00000;0.00000;0.00000;0.00000;1.00000;0.00000
1.00000;0.00000;0.00000;1.00000;0.00000;0.00000
1.00000;0.00794;0.00000;0.98823;0.00000;0.00383
1.00000;0.34678;0.00007;0.40182;0.00002;0.25132
1.00000;0.00980;0.00001;0.07402;0.90489;0.01129
1.00000;0.00007;0.99993;0.00000;0.00000;0.00000
1.00000;0.00000;0.00000;0.00000;1.00000;0.00000
1.00000;0.00000;0.00000;0.00000;1.00000;0.00000
1.00000;0.00000;0.00000;1.00000;0.00000;0.00000
1.00000;0.09781;0.88842;0.00002;0.01375;0.00001
1.00000;1.00000;0.00000;0.00000;0.00000;0.00000
1.00000;0.99598;0.00400;0.00001;0.00002;0.00000
1.00000;0.00000;0.00000;0.00000;1.00000;0.00000
1.00000;0.99992;0.00007;0.00000;0.00000;0.00001
1.00000;0.00002;0.99997;0.00000;0.00001;0.00000
1.00000;0.13863;0.01484;0.18237;0.00008;0.66408
1.00000;0.99999;0.00000;0.00000;0.00000;0.00001
1.00000;0.00000;0.00000;0.00001;0.99999;0.00000
1.00000;0.00000;0.00003;0.99996;0.00000;0.00000
1.00000;0.00000;0.00000;0.00000;1.00000;0.00000
1.00000;0.01101;0.00002;0.00093;0.00000;0.98803
1.00000;0.26831;0.00054;0.21235;0.00153;0.51727
1.00000;0.01659;0.00000;0.00003;0.00000;0.98337
1.00000;0.21084;0.78854;0.00018;0.00029;0.00015
1.00000;0.00019;0.99980;0.00000;0.00000;0.00000
1.00000;0.99975;0.00000;0.00001;0.00000;0.00024
1.00000;0.14341;0.85112;0.00001;0.00543;0.00003
1.00000;0.00003;0.99997;0.00000;0.00000;0.00000
1.00000;0.00000;0.00000;1.00000;0.00000;0.00000
1.00000;0.00000;0.00000;0.00000;1.00000;0.00000
1.00000;0.00005;0.00000;0.99991;0.00000;0.00004
1.00000;0.00000;0.00000;1.00000;0.00000;0.00000
1.00000;0.00110;0.00000;0.00002;0.00000;0.99888
1.00000;0.00931;0.00004;0.06631;0.00021;0.92414
1.00000;0.19394;0.00018;0.73413;0.00002;0.07173
1.00000;0.00012;0.99988;0.00000;0.00000;0.00000
1.00000;0.00028;0.00000;0.00001;0.00000;0.99971
1.00000;0.99981;0.00004;0.00006;0.00000;0.00009
1.00000;0.00000;0.00000;1.00000;0.00000;0.00000
1.00000;0.00000;0.00000;0.00000;1.00000;0.00000
1.00000;0.00000;0.00000;0.00000;1.00000;0.00000
1.00000;0.36478;0.00144;0.00059;0.00002;0.63316
1.00000;0.00000;0.00000;1.00000;0.00000;0.00000
1.00000;0.00000;0.00000;0.00000;1.00000;0.00000
1.00000;0.00001;0.00000;0.00000;0.00000;0.99999
1.00000;0.37703;0.00019;0.23456;0.00006;0.38815
1.00000;0.00000;0.00000;0.99999;0.00000;0.00000
1.00000;0.00003;0.00000;0.00001;0.00000;0.99996
1.00000;0.32784;0.65179;0.00000;0.02036;0.00001
1.00000;0.00095;0.00000;0.00000;0.00000;0.99905
1.00000;0.02748;0.95176;0.00325;0.00001;0.01750
1.00000;0.00000;0.00000;0.99999;0.00000;0.00000
1.00000;0.00000;0.00000;0.99999;0.00000;0.00000
1.00000;0.00038;0.00000;0.99900;0.00000;0.00062
1.00000;0.99999;0.00000;0.00000;0.00000;0.00000
1.00000;0.00283;0.00002;0.70211;0.28872;0.00631
1.00000;0.00014;0.99986;0.00000;0.00000;0.00000
1.00000;0.19261;0.26873;0.29619;0.05185;0.19062
1.00000;0.13694;0.00003;0.07743;0.00004;0.78556
1.00000;0.03120;0.00007;0.95549;0.00002;0.01322
1.00000;0.00035;0.99958;0.00000;0.00008;0.00000
1.00000;0.99991;0.00000;0.00000;0.00000;0.00008
1.00000;0.03868;0.96132;0.00000;0.00000;0.00000
1.00000;0.00013;0.99560;0.00322;0.00105;0.00001
1.00000;0.08192;0.00009;0.38519;0.00000;0.53280
1.00000;1.00000;0.00000;0.00000;0.00000;0.00000
1.00000;0.00000;0.00000;1.00000;0.00000;0.00000
1.00000;0.22160;0.00009;0.27007;0.00001;0.50823
1.00000;0.08440;0.00010;0.85777;0.00001;0.05772
1.00000;0.00000;0.00000;0.00000;1.00000;0.00000
1.00000;0.29652;0.32286;0.04161;0.16223;0.17677
1.00000;0.00019;0.99981;0.00000;0.00000;0.00000
1.00000;0.00007;0.00000;0.00001;0.00000;0.99992
1.00000;0.00005;0.00014;0.99979;0.00000;0.00002
1.00000;0.00022;0.00000;0.00000;0.00000;0.99977
1.00000;0.00008;0.99990;0.00000;0.00001;0.00000
1.00000;0.29409;0.00041;0.32650;0.00004;0.37897
1.00000;0.00011;0.99371;0.00473;0.00145;0.00001
1.00000;0.00000;0.00000;0.00000;1.00000;0.00000
1.00000;0.99999;0.00000;0.00000;0.00000;0.00000
1.00000;0.11981;0.00010;0.11962;0.00174;0.75873
1.00000;0.00064;0.99936;0.00000;0.00000;0.00000
1.00000;0.02327;0.00001;0.04949;0.00001;0.92722
1.00000;0.43683;0.01455;0.19583;0.00004;0.35275
1.00000;0.00000;0.00000;0.00000;1.00000;0.00000
1.00000;0.99999;0.00000;0.00000;0.00000;0.00000
1.00000;0.03532;0.00004;0.86161;0.00073;0.10230
1.00000;0.42818;0.27908;0.00013;0.29232;0.00028
1.00000;0.37270;0.00060;0.39822;0.00009;0.22838
1.00000;0.00004;0.00000;0.99993;0.00000;0.00003
1.00000;0.00000;0.00000;0.00000;1.00000;0.00000
1.00000;0.00000;0.00000;0.00000;1.00000;0.00000
1.00000;0.00457;0.84029;0.00000;0.15514;0.00000
1.00000;0.00421;0.99578;0.00000;0.00002;0.00000
1.00000;0.00256;0.99744;0.00000;0.00000;0.00000
1.00000;0.00000;0.00000;0.00000;1.00000;0.00000
1.00000;0.34981;0.00011;0.25086;0.00008;0.39913
1.00000;0.00013;0.00000;0.00000;0.00000;0.99987
1.00000;0.52072;0.00045;0.21612;0.00000;0.26271
1.00000;0.24015;0.00030;0.65595;0.00013;0.10347
1.00000;0.28542;0.13324;0.26526;0.06630;0.24978
1.00000;0.00003;0.00000;0.00071;0.99924;0.00002
1.00000;0.00043;0.99957;0.00000;0.00000;0.00000
1.00000;0.99997;0.00002;0.00000;0.00000;0.00001
1.00000;0.99979;0.00003;0.00002;0.00000;0.00016
1.00000;0.00357;0.99642;0.00000;0.00002;0.00000
1.00000;0.00000;0.00000;0.00000;1.00000;0.00000
1.00000;0.99486;0.00002;0.00004;0.00000;0.00508
1.00000;0.30164;0.00067;0.44603;0.05523;0.19643
1.00000;0.00626;0.00000;0.00005;0.00000;0.99369
1.00000;0.00000;0.00000;0.00000;1.00000;0.00000
1.00000;0.00000;0.00000;0.00000;1.00000;0.00000
1.00000;0.00000;0.00000;0.00000;1.00000;0.00000
1.00000;0.00098;0.99850;0.00000;0.00051;0.00000
1.00000;0.11855;0.00027;0.00448;0.00001;0.87669
1.00000;0.00112;0.00000;0.99793;0.00012;0.00083
1.00000;0.00022;0.98779;0.01179;0.00019;0.00001
1.00000;0.06642;0.00004;0.01427;0.00000;0.91927
1.00000;0.00052;0.99948;0.00000;0.00000;0.00000
1.00000;0.00005;0.00000;0.99993;0.00000;0.00002
1.00000;0.17607;0.82229;0.00000;0.00163;0.00000
1.00000;0.00005;0.00000;0.00000;0.00000;0.99995
1.00000;0.34778;0.00007;0.06142;0.00002;0.59071
1.00000;0.00737;0.00000;0.02237;0.00000;0.97026
1.00000;0.44272;0.00017;0.34051;0.00002;0.21658
1.00000;0.00000;0.00000;0.00038;0.99962;0.00000
1.00000;0.00000;0.00000;0.00000;1.00000;0.00000
1.00000;0.18033;0.15348;0.18185;0.20273;0.28160
1.00000;0.00000;0.00000;0.00000;1.00000;0.00000
1.00000;0.00051;0.99949;0.00000;0.00000;0.00000
1.00000;0.02127;0.68641;0.00000;0.29230;0.00001
1.00000;0.00000;0.00000;0.99998;0.00000;0.00002
1.00000;0.24982;0.00028;0.33297;0.00011;0.41682
1.00000;0.00018;0.98069;0.01888;0.00024;0.00001
1.00000;0.00325;0.00000;0.00003;0.00000;0.99673
1.00000;0.00000;0.00000;0.00000;1.00000;0.00000
1.00000;0.00000;0.00000;0.99999;0.00000;0.00000
1.00000;0.00076;0.00000;0.99849;0.00000;0.00075
1.00000;0.00015;0.99985;0.00000;0.00000;0.00000
1.00000;0.00010;0.00000;0.99983;0.00000;0.00007
1.00000;0.28959;0.00023;0.57283;0.00004;0.13732
1.00000;0.09731;0.01751;0.69297;0.00109;0.19112
1.00000;0.00000;0.00000;0.00000;1.00000;0.00000
1.00000;0.00000;0.00000;0.00000;1.00000;0.00000
1.00000;0.25297;0.00012;0.27842;0.00268;0.46581
1.00000;0.69018;0.16707;0.00003;0.14265;0.00008
1.00000;0.29301;0.00207;0.25217;0.02776;0.42499
1.00000;0.00624;0.99357;0.00000;0.00019;0.00000
1.00000;0.08291;0.91682;0.00000;0.00027;0.00000
1.00000;0.99998;0.00000;0.00001;0.00000;0.00000
1.00000;0.09553;0.00101;0.88201;0.00064;0.02080
1.00000;0.00000;0.00000;0.00000;1.00000;0.00000
1.00000;0.00000;0.00000;0.00000;1.00000;0.00000
1.00000;0.00017;0.04832;0.95141;0.00005;0.00005
1.00000;0.00005;0.99995;0.00000;0.00000;0.00000
1.00000;0.01122;0.98875;0.00002;0.00000;0.00002
1.00000;0.16642;0.00632;0.22450;0.05084;0.55192
1.00000;0.06577;0.00005;0.75830;0.00001;0.17587
1.00000;0.00021;0.00000;0.99961;0.00001;0.00017
1.00000;0.01100;0.00000;0.00818;0.00000;0.98082
1.00000;0.32603;0.00034;0.33826;0.00383;0.33153
1.00000;0.31265;0.00008;0.28152;0.00013;0.40562
1.00000;0.23472;0.00896;0.48580;0.03458;0.23593
1.00000;0.31748;0.00007;0.27841;0.00010;0.40394
1.00000;0.00000;0.00000;0.00000;1.00000;0.00000
1.00000;0.99999;0.00000;0.00000;0.00000;0.00001
1.00000;0.00003;0.00000;0.00000;0.00000;0.99997
1.00000;0.01775;0.00000;0.00001;0.00000;0.98223
1.00000;0.00000;0.00000;0.00000;1.00000;0.00000
1.00000;0.00002;0.00000;0.99976;0.00022;0.00000
1.00000;0.00000;0.00000;0.00000;1.00000;0.00000
1.00000;0.56004;0.00007;0.26830;0.00018;0.17141
1.00000;0.04938;0.95058;0.00000;0.00004;0.00000
1.00000;0.06197;0.00001;0.00000;0.00000;0.93802
1.00000;0.00005;0.00000;0.00001;0.00000;0.99995
1.00000;0.00000;0.00000;0.00000;1.00000;0.00000
1.00000;0.19799;0.00016;0.18365;0.00001;0.61820
1.00000;0.05661;0.00031;0.06175;0.00002;0.88131
1.00000;0.00001;0.00000;0.99995;0.00004;0.00001
1.00000;0.01506;0.00005;0.95805;0.00356;0.02328
1.00000;0.97629;0.02350;0.00000;0.00021;0.00000
1.00000;0.30610;0.67071;0.00000;0.02317;0.00001
1.00000;0.00017;0.95666;0.04254;0.00062;0.00001
1.00000;0.00552;0.99423;0.00000;0.00025;0.00000
1.00000;0.00076;0.93819;0.05956;0.00145;0.00004
1.00000;0.00000;0.00000;0.00000;1.00000;0.00000
1.00000;0.18237;0.12410;0.37824;0.03406;0.28125
1.00000;0.35036;0.00218;0.35774;0.03788;0.25185
1.00000;0.00000;0.00000;0.00000;1.00000;0.00000
1.00000;0.05390;0.94266;0.00000;0.00344;0.00000
1.00000;0.99229;0.00765;0.00002;0.00001;0.00003
1.00000;0.35946;0.00015;0.32148;0.00005;0.31886
1.00000;0.00000;0.00000;0.00000;1.00000;0.00000
1.00000;0.08557;0.90676;0.00001;0.00766;0.00000
1.00000;0.00000;0.00000;0.00000;1.00000;0.00000
1.00000;0.00015;0.98640;0.01330;0.00014;0.00001
1.00000;0.00000;0.00000;0.99999;0.00000;0.00000
1.00000;0.99999;0.00001;0.00000;0.00000;0.00000
1.00000;0.00000;0.00000;0.00000;1.00000;0.00000
1.00000;0.00034;0.91974;0.07877;0.00112;0.00002
1.00000;0.18292;0.01631;0.38969;0.19262;0.21846
1.00000;0.15753;0.00009;0.44019;0.00002;0.40217
1.00000;0.00000;0.00000;0.00000;1.00000;0.00000
1.00000;0.00008;0.98374;0.01556;0.00061;0.00001
1.00000;0.02379;0.97577;0.00000;0.00045;0.00000
1.00000;0.98759;0.01168;0.00001;0.00073;0.00000
1.00000;0.03386;0.00000;0.02108;0.00000;0.94505
1.00000;0.03035;0.96364;0.00000;0.00601;0.00000
1.00000;0.08332;0.00008;0.49024;0.00001;0.42634
1.00000;0.99856;0.00080;0.00000;0.00063;0.00001
1.00000;0.42497;0.00022;0.42255;0.00001;0.15225
1.00000;0.81226;0.00013;0.11123;0.00000;0.07638
1.00000;0.00000;0.00000;0.00000;1.00000;0.00000
1.00000;0.15902;0.00008;0.00664;0.00000;0.83425
1.00000;0.99961;0.00000;0.00000;0.00000;0.00039
1.00000;0.89136;0.00236;0.00044;0.00033;0.10551
1.00000;0.24612;0.00036;0.24085;0.00001;0.51266
1.00000;0.00178;0.00000;0.00001;0.00000;0.99821
1.00000;0.13123;0.00007;0.77334;0.00002;0.09534
1.00000;0.91181;0.00002;0.00309;0.00000;0.08509
1.00000;0.18405;0.81559;0.00000;0.00035;0.00000
1.00000;0.00004;0.99996;0.00000;0.00000;0.00000
1.00000;0.00000;0.00000;0.00023;0.99977;0.00000
1.00000;0.00001;0.00001;0.99997;0.00000;0.00001
1.00000;0.00000;0.00000;0.00000;1.00000;0.00000
1.00000;0.00000;0.00000;0.00000;0.00000;1.00000
1.00000;0.00000;0.00000;0.99999;0.00000;0.00000
1.00000;0.00006;0.00000;0.99986;0.00000;0.00008
1.00000;0.00000;0.00000;0.00000;1.00000;0.00000
1.00000;0.00496;0.00770;0.98197;0.00002;0.00535
1.00000;0.99999;0.00000;0.00000;0.00000;0.00001
1.00000;0.00000;0.00000;0.00000;1.00000;0.00000
1.00000;0.00088;0.00024;0.99578;0.00000;0.00310
1.00000;0.01178;0.98821;0.00000;0.00000;0.00000
1.00000;0.10650;0.00006;0.10339;0.41515;0.37490
1.00000;0.00730;0.99270;0.00000;0.00000;0.00000
1.00000;0.08864;0.00004;0.86944;0.00000;0.04188
1.00000;0.04200;0.95005;0.00001;0.00788;0.00006
1.00000;0.00015;0.00000;0.00000;0.00000;0.99985
1.00000;0.00000;0.00000;0.00000;1.00000;0.00000
1.00000;0.00000;0.00000;1.00000;0.00000;0.00000
1.00000;0.16883;0.82297;0.00005;0.00809;0.00006
1.00000;1.00000;0.00000;0.00000;0.00000;0.00000
1.00000;0.28807;0.18843;0.25860;0.02234;0.24256
1.00000;0.00862;0.00003;0.98210;0.00001;0.00924
1.00000;0.00002;0.00000;0.99997;0.00000;0.00001
1.00000;0.00000;0.00000;1.00000;0.00000;0.00000
1.00000;0.00664;0.99333;0.00000;0.00003;0.00000
1.00000;0.00195;0.00000;0.00000;0.00000;0.99805
1.00000;0.97546;0.02452;0.00000;0.00002;0.00000
1.00000;0.00531;0.00004;0.99141;0.00000;0.00324
1.00000;0.02115;0.97883;0.00000;0.00002;0.00000
1.00000;0.00269;0.99682;0.00000;0.00048;0.00000
1.00000;0.99996;0.00000;0.00000;0.00000;0.00004
1.00000;0.99913;0.00085;0.00001;0.00001;0.00000
1.00000;0.00001;0.00000;0.99998;0.00000;0.00001
1.00000;0.00000;0.00000;0.00001;0.99999;0.00000
1.00000;0.75233;0.15717;0.03132;0.00387;0.05532
1.00000;0.00079;0.00000;0.00027;0.00000;0.99894
1.00000;0.27284;0.00014;0.46846;0.00033;0.25823
1.00000;0.00000;0.00000;0.00000;1.00000;0.00000
1.00000;0.36970;0.00012;0.55587;0.00000;0.07431
1.00000;0.00048;0.51355;0.48553;0.00037;0.00007
1.00000;0.00439;0.00000;0.00011;0.00000;0.99550
1.00000;0.00000;0.00000;1.00000;0.00000;0.00000
1.00000;0.00000;0.00000;0.00000;1.00000;0.00000
1.00000;0.09002;0.90990;0.00000;0.00008;0.00000
1.00000;0.41063;0.00009;0.21170;0.00003;0.37756
1.00000;0.02702;0.00001;0.45839;0.00000;0.51457
1.00000;0.00000;0.00000;0.00000;1.00000;0.00000
1.00000;0.99990;0.00008;0.00000;0.00000;0.00001
1.00000;0.00031;0.99968;0.00000;0.00001;0.00000
1.00000;0.42407;0.00041;0.38610;0.00002;0.18941
1.00000;0.99997;0.00002;0.00000;0.00000;0.00000
1.00000;1.00000;0.00000;0.00000;0.00000;0.00000
1.00000;0.10126;0.00003;0.00009;0.00000;0.89861
1.00000;0.99998;0.00000;0.00001;0.00000;0.00001
1.00000;0.99999;0.00000;0.00000;0.00000;0.00000
1.00000;0.00926;0.98901;0.00000;0.00173;0.00000
1.00000;0.10690;0.00130;0.36303;0.00001;0.52877
1.00000;0.00000;0.00000;0.00000;1.00000;0.00000
1.00000;0.00001;0.00000;0.99997;0.00000;0.00002
1.00000;0.99999;0.00000;0.00000;0.00000;0.00001
1.00000;0.00043;0.99625;0.00233;0.00098;0.00002
1.00000;0.00000;0.00000;0.00000;1.00000;0.00000
1.00000;0.01038;0.00001;0.00168;0.00000;0.98793
1.00000;0.46383;0.01250;0.31434;0.00023;0.20910
1.00000;1.00000;0.00000;0.00000;0.00000;0.00000
1.00000;0.00646;0.99308;0.00000;0.00046;0.00000
1.00000;0.54604;0.00120;0.05852;0.00098;0.39326
1.00000;0.00057;0.00001;0.99909;0.00000;0.00034
1.00000;0.49342;0.50634;0.00000;0.00023;0.00000
1.00000;0.00020;0.95643;0.04296;0.00040;0.00001
1.00000;0.00000;0.00000;0.00000;1.00000;0.00000
1.00000;0.27314;0.00028;0.30037;0.01943;0.40678
1.00000;0.99982;0.00000;0.00001;0.00000;0.00017
1.00000;0.99803;0.00197;0.00000;0.00000;0.00000
1.00000;0.04076;0.03527;0.88958;0.00047;0.03392
1.00000;0.00081;0.99919;0.00000;0.00000;0.00000
1.00000;0.08515;0.79038;0.00001;0.12440;0.00005
1.00000;0.00010;0.03291;0.96694;0.00002;0.00003
1.00000;0.00758;0.00001;0.98475;0.00000;0.00766
1.00000;0.05785;0.00000;0.00005;0.00000;0.94209
1.00000;0.00072;0.46490;0.53367;0.00054;0.00018
1.00000;0.37255;0.00009;0.28777;0.00006;0.33953
1.00000;0.05207;0.00000;0.00002;0.00000;0.94791
1.00000;0.12340;0.00072;0.00040;0.00002;0.87547
1.00000;0.99403;0.00173;0.00006;0.00110;0.00308
1.00000;0.00217;0.00000;0.01006;0.98357;0.00419
1.00000;0.99998;0.00000;0.00001;0.00000;0.00001
1.00000;0.00059;0.81861;0.17928;0.00142;0.00010
1.00000;0.00571;0.99357;0.00000;0.00072;0.00000
1.00000;0.01116;0.98860;0.00000;0.00024;0.00000
1.00000;0.22702;0.27417;0.23756;0.05457;0.20669
1.00000;0.00059;0.00000;0.00310;0.99569;0.00062
1.00000;0.44866;0.00011;0.22417;0.00002;0.32704
1.00000;0.43316;0.00350;0.26090;0.00002;0.30241
1.00000;0.22006;0.76020;0.00007;0.01941;0.00025
1.00000;0.82715;0.00044;0.07813;0.00008;0.09420
1.00000;0.00002;0.00000;0.99994;0.00000;0.00003
1.00000;0.00000;0.00000;0.00000;1.00000;0.00000
1.00000;0.03702;0.00002;0.91599;0.00000;0.04696
1.00000;0.00055;0.00000;0.98110;0.00340;0.01494
1.00000;0.11552;0.00025;0.66768;0.00010;0.21645
1.00000;0.10956;0.00060;0.00320;0.00032;0.88632
1.00000;0.00041;0.99174;0.00755;0.00030;0.00001
1.00000;0.00225;0.00000;0.00000;0.00000;0.99775
1.00000;0.00001;0.00000;0.00001;0.99997;0.00001
1.00000;0.00035;0.00000;0.00015;0.00000;0.99950
1.00000;0.36872;0.00005;0.27580;0.00002;0.35541
1.00000;0.99999;0.00000;0.00000;0.00000;0.00001
1.00000;0.00000;0.00000;0.99999;0.00000;0.00001
1.00000;0.00000;0.00000;0.00000;1.00000;0.00000
1.00000;0.99997;0.00000;0.00001;0.00000;0.00002
1.00000;0.02119;0.97676;0.00000;0.00206;0.00000
1.00000;0.00000;0.00000;1.00000;0.00000;0.00000
1.00000;0.41756;0.00152;0.22493;0.00009;0.35590
1.00000;0.00000;0.00000;0.00000;1.00000;0.00000
1.00000;0.22535;0.00276;0.25217;0.11515;0.40458
1.00000;1.00000;0.00000;0.00000;0.00000;0.00000
1.00000;0.06634;0.00002;0.01808;0.00002;0.91553
1.00000;0.99998;0.00000;0.00000;0.00000;0.00002
1.00000;0.00004;0.99996;0.00000;0.00000;0.00000
1.00000;0.00738;0.00000;0.00733;0.00000;0.98529
1.00000;0.99989;0.00009;0.00000;0.00000;0.00002
1.00000;0.09742;0.00251;0.43497;0.28594;0.17916
1.00000;1.00000;0.00000;0.00000;0.00000;0.00000
1.00000;0.60324;0.39558;0.00006;0.00111;0.00000
1.00000;0.39286;0.58920;0.00001;0.01792;0.00001
1.00000;0.21362;0.74118;0.00001;0.04518;0.00001
1.00000;0.00082;0.82279;0.17523;0.00103;0.00013
1.00000;0.00020;0.90552;0.09335;0.00090;0.00002
1.00000;0.10657;0.89273;0.00000;0.00070;0.00000
1.00000;0.00082;0.00000;0.00214;0.99613;0.00091
1.00000;0.00000;0.00000;0.00000;1.00000;0.00000
1.00000;0.17621;0.00202;0.36090;0.00005;0.46082
1.00000;0.99307;0.00612;0.00002;0.00077;0.00002
1.00000;0.00000;0.00000;1.00000;0.00000;0.00000
1.00000;0.99999;0.00001;0.00000;0.00000;0.00000
1.00000;0.00000;0.00000;0.00000;1.00000;0.00000
1.00000;0.99955;0.00002;0.00020;0.00000;0.00024
1.00000;0.29624;0.70374;0.00001;0.00001;0.00001
1.00000;0.00145;0.00000;0.99737;0.00000;0.00117
1.00000;0.01092;0.00005;0.97488;0.00373;0.01041
1.00000;0.00000;0.00000;0.00000;1.00000;0.00000
1.00000;0.00008;0.99992;0.00000;0.00000;0.00000
1.00000;0.03571;0.00000;0.00002;0.00000;0.96426
1.00000;0.00154;0.00000;0.00001;0.00000;0.99845
1.00000;0.00347;0.99520;0.00000;0.00133;0.00000
1.00000;0.00000;0.00000;0.99999;0.00000;0.00000
1.00000;0.28119;0.06894;0.30928;0.04355;0.29703
1.00000;0.99729;0.00268;0.00000;0.00002;0.00000
1.00000;0.00000;0.00000;1.00000;0.00000;0.00000
1.00000;1.00000;0.00000;0.00000;0.00000;0.00000
1.00000;1.00000;0.00000;0.00000;0.00000;0.00000
1.00000;0.00000;0.00000;0.00000;1.00000;0.00000
1.00000;0.99053;0.00025;0.00477;0.00000;0.00445
1.00000;0.12286;0.00493;0.29136;0.44570;0.13516
1.00000;0.09571;0.00003;0.00004;0.00000;0.90422
1.00000;0.00667;0.00010;0.99050;0.00000;0.00273
1.00000;0.00929;0.00000;0.00001;0.00000;0.99069
1.00000;0.63419;0.00958;0.02700;0.09451;0.23472
1.00000;0.11204;0.27918;0.48277;0.02158;0.10444
1.00000;0.99956;0.00039;0.00001;0.00000;0.00004
1.00000;0.00145;0.00000;0.00008;0.00000;0.99846
1.00000;0.00000;0.00000;0.00000;1.00000;0.00000
1.00000;0.00322;0.99649;0.00000;0.00029;0.00000
1.00000;0.02638;0.00006;0.94089;0.00000;0.03267
1.00000;0.01513;0.98446;0.00000;0.00040;0.00000
1.00000;0.00609;0.00128;0.98075;0.00000;0.01188
1.00000;0.20488;0.00006;0.58823;0.00234;0.20448
1.00000;0.22210;0.76588;0.00002;0.01199;0.00000
1.00000;0.26285;0.00040;0.51586;0.00005;0.22084
1.00000;0.00000;0.00000;0.00001;0.99999;0.00000
1.00000;0.18748;0.00008;0.23352;0.00010;0.57881
1.00000;0.04251;0.95321;0.00000;0.00427;0.00000
1.00000;0.70322;0.29548;0.00003;0.00126;0.00001
1.00000;0.00467;0.99522;0.00000;0.00011;0.00000
1.00000;0.13372;0.06720;0.14611;0.47868;0.17429
1.00000;0.34184;0.00064;0.00069;0.00000;0.65683
1.00000;0.00000;0.00000;0.00000;1.00000;0.00000
1.00000;0.00000;0.00000;0.00000;1.00000;0.00000
1.00000;0.38272;0.00010;0.20488;0.00005;0.41225
1.00000;0.00598;0.00003;0.97297;0.00000;0.02102
1.00000;0.36654;0.00493;0.39261;0.00243;0.23350
1.00000;0.00000;0.00000;0.00000;1.00000;0.00000
1.00000;0.00000;0.00000;0.00000;1.00000;0.00000
1.00000;0.99997;0.00002;0.00000;0.00000;0.00001
1.00000;0.00000;0.00000;0.00000;1.00000;0.00000
1.00000;0.00001;0.00000;0.99998;0.00000;0.00001
1.00000;0.00594;0.00004;0.99051;0.00002;0.00350
1.00000;0.02654;0.97322;0.00000;0.00024;0.00000
1.00000;0.13045;0.86645;0.00000;0.00310;0.00000
1.00000;0.99999;0.00000;0.00000;0.00000;0.00001
1.00000;0.01842;0.92369;0.00002;0.05786;0.00001
1.00000;0.00008;0.00000;0.00000;0.00000;0.99991
1.00000;0.04409;0.95578;0.00000;0.00013;0.00000
1.00000;0.00071;0.99927;0.00000;0.00001;0.00000
1.00000;0.30342;0.00014;0.36197;0.00011;0.33436
1.00000;0.35258;0.64719;0.00000;0.00023;0.00000
1.00000;0.02459;0.97536;0.00000;0.00006;0.00000
1.00000;0.00000;0.00000;0.00000;1.00000;0.00000
1.00000;0.99137;0.00000;0.00000;0.00000;0.00863
1.00000;0.00016;0.99984;0.00000;0.00000;0.00000
1.00000;0.99988;0.00010;0.00000;0.00000;0.00002
1.00000;0.00259;0.99731;0.00000;0.00010;0.00000
1.00000;0.10745;0.00006;0.00171;0.00000;0.89078
1.00000;0.00000;0.00000;0.00000;1.00000;0.00000
1.00000;0.00000;0.00000;0.00002;0.99998;0.00000
1.00000;0.07080;0.48726;0.33000;0.01900;0.09294
1.00000;0.00000;0.00000;0.00000;1.00000;0.00000
1.00000;0.12219;0.87762;0.00003;0.00015;0.00001
1.00000;0.00348;0.99652;0.00000;0.00000;0.00000
1.00000;0.16987;0.00015;0.22264;0.00015;0.60719
1.00000;0.00006;0.99994;0.00000;0.00000;0.00000
1.00000;0.00000;0.00000;0.00000;1.00000;0.00000
1.00000;0.99996;0.00002;0.00000;0.00000;0.00001
1.00000;0.23178;0.33426;0.01400;0.39480;0.02516
1.00000;0.00005;0.00000;0.99985;0.00000;0.00009
1.00000;0.00032;0.00000;0.00000;0.00000;0.99968
1.00000;0.00008;0.09105;0.90882;0.00003;0.00002
1.00000;0.07601;0.00002;0.03289;0.00002;0.89106
1.00000;0.79379;0.20336;0.00001;0.00283;0.00000
1.00000;0.06569;0.00004;0.00514;0.00000;0.92913
1.00000;0.01616;0.00011;0.04908;0.00000;0.93464
1.00000;0.01935;0.00002;0.00396;0.00000;0.97668
1.00000;0.01520;0.00000;0.00001;0.00000;0.98479
1.00000;0.06669;0.93176;0.00000;0.00155;0.00000
1.00000;0.00476;0.00001;0.99042;0.00008;0.00473
1.00000;0.47058;0.00036;0.25961;0.00643;0.26303
1.00000;0.27662;0.00006;0.39190;0.00009;0.33133
1.00000;0.00026;0.97016;0.02828;0.00129;0.00001
1.00000;0.99999;0.00000;0.00000;0.00000;0.00001
1.00000;0.00386;0.00001;0.00974;0.00005;0.98634
1.00000;0.27871;0.00040;0.32792;0.08136;0.31161
1.00000;0.34435;0.00007;0.21790;0.00008;0.43759
1.00000;0.97307;0.00118;0.00849;0.00003;0.01723
1.00000;0.13827;0.00001;0.00003;0.00000;0.86170
1.00000;0.03124;0.96491;0.00000;0.00385;0.00000
1.00000;0.01639;0.00002;0.96776;0.00003;0.01580
1.00000;0.00011;0.00000;0.00000;0.00000;0.99989
1.00000;0.99984;0.00015;0.00001;0.00000;0.00000
1.00000;0.99828;0.00168;0.00000;0.00000;0.00004
1.00000;0.00000;0.00000;0.00000;1.00000;0.00000
1.00000;0.01232;0.00008;0.28067;0.69324;0.01370
1.00000;0.00125;0.00000;0.99755;0.00000;0.00120
1.00000;0.00000;0.00000;0.00000;1.00000;0.00000
1.00000;0.00004;0.00000;0.99994;0.00000;0.00002
1.00000;0.99763;0.00231;0.00001;0.00004;0.00001
1.00000;0.00000;0.00000;0.00000;1.00000;0.00000
1.00000;1.00000;0.00000;0.00000;0.00000;0.00000
1.00000;0.00085;0.99914;0.00000;0.00000;0.00000
1.00000;0.01305;0.98693;0.00000;0.00002;0.00000
1.00000;0.00000;0.00000;0.00000;1.00000;0.00000
1.00000;0.00000;0.00000;0.00000;1.00000;0.00000
1.00000;0.00000;0.00000;0.00000;1.00000;0.00000
1.00000;0.00000;0.00000;0.99999;0.00000;0.00000
1.00000;0.17915;0.81828;0.00074;0.00157;0.00027
1.00000;0.00116;0.00010;0.00001;0.99872;0.00000
1.00000;0.00002;0.00024;0.99973;0.00000;0.00002
1.00000;0.92743;0.00353;0.01602;0.00005;0.05298
1.00000;0.00000;0.00000;0.00000;1.00000;0.00000
1.00000;0.00229;0.00000;0.00003;0.00000;0.99767
1.00000;0.01836;0.98116;0.00000;0.00047;0.00000
1.00000;0.00052;0.99948;0.00000;0.00000;0.00000
1.00000;0.31713;0.00012;0.37105;0.00025;0.31146
1.00000;0.48845;0.00035;0.38751;0.00002;0.12367
1.00000;0.05788;0.00003;0.00085;0.00000;0.94123
1.00000;0.98164;0.01821;0.00000;0.00014;0.00000
1.00000;0.00009;0.99991;0.00000;0.00000;0.00000
1.00000;0.15153;0.00007;0.75127;0.00001;0.09713
1.00000;0.00219;0.00001;0.97457;0.00001;0.02323
1.00000;0.00000;0.00000;0.00001;0.99999;0.00000
1.00000;0.00006;0.00000;0.00000;0.00000;0.99994
1.00000;0.03937;0.00005;0.01024;0.00079;0.94955
1.00000;0.00914;0.00006;0.98329;0.00000;0.00752
1.00000;0.00000;0.00000;1.00000;0.00000;0.00000
1.00000;0.00000;0.00000;0.00000;1.00000;0.00000
1.00000;0.13375;0.19209;0.48097;0.00322;0.18997
1.00000;0.99996;0.00004;0.00000;0.00000;0.00000
1.00000;0.00012;0.99306;0.00644;0.00039;0.00000
1.00000;0.00012;0.00000;0.99976;0.00000;0.00011
1.00000;0.00024;0.99976;0.00000;0.00000;0.00000
1.00000;0.99065;0.00000;0.00000;0.00000;0.00935
1.00000;0.33311;0.00008;0.36337;0.00006;0.30339
1.00000;0.00002;0.00000;0.00000;0.99998;0.00000
1.00000;0.00074;0.00000;0.00001;0.00000;0.99925
1.00000;0.00407;0.99593;0.00000;0.00000;0.00000
1.00000;0.14320;0.00156;0.21834;0.00052;0.63639
1.00000;0.00000;0.00000;0.00000;1.00000;0.00000
1.00000;0.08063;0.00018;0.87378;0.00029;0.04512
1.00000;0.00009;0.99991;0.00000;0.00000;0.00000
1.00000;0.00005;0.00000;0.99991;0.00000;0.00003
1.00000;0.16392;0.00117;0.51030;0.08784;0.23677
1.00000;0.00001;0.00000;0.00013;0.99984;0.00002
1.00000;0.00000;0.00000;0.00000;1.00000;0.00000
1.00000;0.29495;0.00007;0.37489;0.00001;0.33008
1.00000;0.06339;0.00111;0.07661;0.76503;0.09386
1.00000;0.34623;0.00148;0.30633;0.10799;0.23797
1.00000;0.00004;0.00000;0.99991;0.00001;0.00004
1.00000;0.01929;0.00003;0.95825;0.00001;0.02242
1.00000;0.00063;0.00000;0.01158;0.98702;0.00078
1.00000;0.02335;0.97162;0.00088;0.00010;0.00405
1.00000;0.47398;0.00061;0.17756;0.00413;0.34372
1.00000;0.18155;0.00019;0.26595;0.00000;0.55230
1.00000;0.00013;0.97196;0.02777;0.00014;0.00001
1.00000;0.00002;0.00000;0.00000;0.00000;0.99998
1.00000;0.00016;0.01242;0.98712;0.00001;0.00028
1.00000;0.00031;0.00000;0.00031;0.00000;0.99937
1.00000;0.00761;0.00000;0.00001;0.00000;0.99238
1.00000;0.17391;0.82339;0.00001;0.00269;0.00000
1.00000;0.23116;0.07276;0.22069;0.12371;0.35167
1.00000;1.00000;0.00000;0.00000;0.00000;0.00000
1.00000;0.00000;0.00000;0.00000;1.00000;0.00000
1.00000;0.00185;0.98205;0.00000;0.01609;0.00000
1.00000;0.00009;0.00000;0.00012;0.99973;0.00007
1.00000;0.00010;0.98365;0.01460;0.00165;0.00001
1.00000;0.22287;0.00037;0.36238;0.00015;0.41423
1.00000;0.00009;0.00000;0.00000;0.00000;0.99991
1.00000;0.99999;0.00001;0.00000;0.00000;0.00000
1.00000;0.29490;0.66461;0.00003;0.04045;0.00001
1.00000;0.00000;0.00000;0.00000;1.00000;0.00000
1.00000;0.00000;0.00000;1.00000;0.00000;0.00000
1.00000;0.36438;0.00027;0.19441;0.00002;0.44092
1.00000;0.00000;0.00000;0.00001;0.99999;0.00000
1.00000;0.00000;0.00000;0.00000;1.00000;0.00000
1.00000;0.00041;0.99959;0.00000;0.00000;0.00000
1.00000;0.00000;0.00000;0.00000;1.00000;0.00000
1.00000;0.08243;0.00013;0.86024;0.00001;0.05719
1.00000;0.00000;0.00000;0.00000;1.00000;0.00000
1.00000;0.02997;0.00000;0.00199;0.00000;0.96804
1.00000;0.00020;0.97405;0.02529;0.00044;0.00001
1.00000;0.24554;0.00028;0.31952;0.00008;0.43459
1.00000;0.67972;0.14681;0.01986;0.00242;0.15119
1.00000;0.08571;0.00017;0.78476;0.00006;0.12930
1.00000;0.00000;0.00000;1.00000;0.00000;0.00000
1.00000;0.00252;0.99746;0.00000;0.00002;0.00000
1.00000;0.00000;0.00000;0.00000;1.00000;0.00000
1.00000;0.21785;0.00109;0.32497;0.09938;0.35670
1.00000;0.99739;0.00000;0.00001;0.00000;0.00260
1.00000;0.09356;0.00004;0.28790;0.00002;0.61848
1.00000;0.00005;0.00000;0.99978;0.00009;0.00007
1.00000;0.00474;0.99526;0.00000;0.00000;0.00000
1.00000;0.99992;0.00005;0.00000;0.00000;0.00002
1.00000;0.00001;0.00000;0.00001;0.00000;0.99998
1.00000;0.00556;0.99444;0.00000;0.00000;0.00000
1.00000;0.00946;0.67058;0.30752;0.00267;0.00978
1.00000;0.99847;0.00134;0.00006;0.00000;0.00013
1.00000;0.98973;0.01026;0.00000;0.00001;0.00000
1.00000;0.01807;0.97658;0.00000;0.00535;0.00000
1.00000;0.00000;0.00000;1.00000;0.00000;0.00000
1.00000;0.13290;0.37627;0.31108;0.04384;0.13591
1.00000;0.99996;0.00003;0.00000;0.00000;0.00001
1.00000;0.00094;0.00000;0.00006;0.00000;0.99900
1.00000;0.03770;0.95383;0.00000;0.00847;0.00000
1.00000;0.03536;0.00000;0.00001;0.00000;0.96462
1.00000;0.07813;0.00590;0.77981;0.00056;0.13561
1.00000;0.22322;0.00008;0.00297;0.00000;0.77372
1.00000;0.11232;0.00015;0.66481;0.00001;0.22271
1.00000;0.00000;0.00000;0.00000;1.00000;0.00000
1.00000;0.00029;0.95748;0.04162;0.00059;0.00002
1.00000;0.27739;0.00007;0.54675;0.00000;0.17578
1.00000;0.78614;0.00003;0.11678;0.00001;0.09704
1.00000;0.28484;0.00580;0.29632;0.00603;0.40701
1.00000;0.00000;0.00000;0.00000;1.00000;0.00000
1.00000;0.00014;0.00000;0.00000;0.00000;0.99985
1.00000;0.00130;0.99853;0.00000;0.00017;0.00000
1.00000;0.08343;0.91616;0.00000;0.00040;0.00001
1.00000;0.98378;0.00010;0.00252;0.00002;0.01358
1.00000;0.00000;0.00000;0.00000;1.00000;0.00000
1.00000;0.00219;0.00000;0.00000;0.00000;0.99781
1.00000;0.00000;0.00000;0.00000;1.00000;0.00000
1.00000;0.04623;0.00005;0.04587;0.00074;0.90711
1.00000;0.00000;0.00000;0.00000;1.00000;0.00000
1.00000;0.00000;0.00000;0.00018;0.99981;0.00000
1.00000;0.35835;0.39560;0.07636;0.00089;0.16879
1.00000;0.01522;0.57953;0.38705;0.00514;0.01306
1.00000;0.00018;0.97458;0.02412;0.00111;0.00001
1.00000;0.00000;0.00000;0.00000;1.00000;0.00000
1.00000;0.00000;0.00000;0.00000;1.00000;0.00000
1.00000;0.00056;0.00001;0.99901;0.00000;0.00042
1.00000;0.17940;0.00007;0.26836;0.00000;0.55217
1.00000;0.05680;0.00010;0.88170;0.00005;0.06135
1.00000;0.99993;0.00005;0.00001;0.00001;0.00001
1.00000;0.00003;0.00000;0.99996;0.00000;0.00001
1.00000;0.00133;0.80139;0.19476;0.00218;0.00034
1.00000;0.00000;0.00000;0.00000;1.00000;0.00000
1.00000;0.99993;0.00006;0.00000;0.00000;0.00001
1.00000;0.10187;0.00008;0.00166;0.00000;0.89638
1.00000;0.99974;0.00023;0.00000;0.00002;0.00000
1.00000;0.00000;0.00000;0.00000;1.00000;0.00000
1.00000;0.01839;0.00001;0.00753;0.00000;0.97407
1.00000;0.00001;0.99999;0.00000;0.00000;0.00000
1.00000;0.01910;0.00000;0.01429;0.00000;0.96660
1.00000;0.20845;0.00012;0.45160;0.00001;0.33982
1.00000;0.12727;0.00009;0.74480;0.00237;0.12547
1.00000;0.99902;0.00007;0.00001;0.00000;0.00090
1.00000;0.00000;0.00000;0.00000;1.00000;0.00000
1.00000;0.00056;0.81351;0.18449;0.00137;0.00007
1.00000;0.18805;0.00021;0.70406;0.00027;0.10741
1.00000;0.31007;0.00014;0.19030;0.00000;0.49949
1.00000;0.00001;0.00000;0.99999;0.00000;0.00000
1.00000;0.00000;0.00000;0.00000;1.00000;0.00000
1.00000;0.00000;0.00000;0.00000;1.00000;0.00000
1.00000;0.00049;0.99951;0.00000;0.00000;0.00000
1.00000;0.32160;0.00007;0.37373;0.00010;0.30450
1.00000;0.00011;0.00000;0.99980;0.00000;0.00010
1.00000;0.00015;0.98589;0.01350;0.00044;0.00001
1.00000;0.24873;0.07536;0.26551;0.04934;0.36106
1.00000;0.01824;0.98175;0.00000;0.00002;0.00000
1.00000;0.00010;0.00000;0.00000;0.00000;0.99990
1.00000;0.02476;0.00000;0.53065;0.00000;0.44458
1.00000;0.33624;0.00017;0.33771;0.00007;0.32580
1.00000;0.07592;0.92367;0.00000;0.00041;0.00000
1.00000;0.20372;0.00011;0.04099;0.00367;0.75152
1.00000;0.00003;0.00000;0.99994;0.00000;0.00003
1.00000;0.04075;0.00003;0.00466;0.00000;0.95456
1.00000;0.23804;0.00780;0.24505;0.22323;0.28589
1.00000;0.94172;0.05822;0.00000;0.00005;0.00000
1.00000;0.00007;0.99993;0.00000;0.00000;0.00000
1.00000;0.00000;0.00000;0.00000;1.00000;0.00000
1.00000;0.00002;0.00000;0.00024;0.99973;0.00002
1.00000;1.00000;0.00000;0.00000;0.00000;0.00000
1.00000;0.00022;0.00000;0.00000;0.00000;0.99978
1.00000;0.00529;0.00004;0.99134;0.00000;0.00333
1.00000;0.01135;0.00000;0.00740;0.00000;0.98125
1.00000;0.93946;0.06053;0.00000;0.00001;0.00000
1.00000;0.02393;0.00000;0.00003;0.00000;0.97604
1.00000;0.00000;0.00000;0.00000;1.00000;0.00000
1.00000;0.00000;0.00000;0.00000;1.00000;0.00000
1.00000;0.11390;0.88602;0.00000;0.00007;0.00000
1.00000;0.99999;0.00000;0.00000;0.00000;0.00001
1.00000;0.20967;0.07206;0.39114;0.02432;0.30282
1.00000;0.00000;0.00000;0.00000;1.00000;0.00000
1.00000;0.00001;0.00000;0.99998;0.00000;0.00001
1.00000;0.00208;0.00000;0.00000;0.00000;0.99791
1.00000;0.31647;0.00002;0.42362;0.00038;0.25950
1.00000;0.00021;0.99979;0.00000;0.00000;0.00000
1.00000;0.08791;0.00003;0.79137;0.00001;0.12068
1.00000;0.00123;0.99877;0.00000;0.00000;0.00000
1.00000;0.19247;0.00026;0.04678;0.00000;0.76048
1.00000;0.00027;0.00000;0.00000;0.00000;0.99973
1.00000;0.00003;0.00000;0.00001;0.00000;0.99996
1.00000;0.00038;0.99962;0.00000;0.00000;0.00000
1.00000;0.98639;0.00075;0.00179;0.00001;0.01107
1.00000;0.00000;0.00000;0.00000;1.00000;0.00000
1.00000;0.01227;0.00000;0.00004;0.00000;0.98768
1.00000;0.53751;0.00038;0.22041;0.00003;0.24167
1.00000;0.00000;0.00000;0.00000;1.00000;0.00000
1.00000;0.00000;0.00000;1.00000;0.00000;0.00000
1.00000;0.00011;0.99989;0.00000;0.00000;0.00000
1.00000;0.02151;0.97823;0.00000;0.00026;0.00000
1.00000;0.00008;0.92820;0.07074;0.00097;0.00002
1.00000;1.00000;0.00000;0.00000;0.00000;0.00000
1.00000;0.10097;0.00160;0.26033;0.47756;0.15954
1.00000;0.10621;0.00002;0.32084;0.00001;0.57292
1.00000;0.01840;0.98160;0.00000;0.00000;0.00000
1.00000;0.25772;0.08068;0.30141;0.08053;0.27966
1.00000;0.03687;0.00002;0.93319;0.00000;0.02992
1.00000;0.00000;0.00000;0.00000;1.00000;0.00000
1.00000;0.00043;0.00000;0.00001;0.00000;0.99956
1.00000;0.00000;0.00000;0.00000;1.00000;0.00000
1.00000;0.00285;0.99710;0.00000;0.00005;0.00000
1.00000;0.00004;0.00000;0.00003;0.00000;0.99993
1.00000;0.00000;0.00000;0.00000;1.00000;0.00000
1.00000;0.00014;0.99173;0.00772;0.00041;0.00000
1.00000;0.00003;0.99997;0.00000;0.00000;0.00000
1.00000;0.00001;0.99999;0.00000;0.00000;0.00000
1.00000;0.00000;0.00000;0.00000;1.00000;0.00000
1.00000;0.00000;0.00000;0.00000;1.00000;0.00000
1.00000;0.08078;0.00005;0.00068;0.00001;0.91848
1.00000;0.00000;0.00000;0.00000;1.00000;0.00000
1.00000;0.00000;0.00000;0.00000;1.00000;0.00000
1.00000;0.99939;0.00055;0.00000;0.00006;0.00000
1.00000;0.98792;0.01208;0.00000;0.00000;0.00000
1.00000;0.00000;0.00000;0.00000;1.00000;0.00000
1.00000;0.00000;0.00000;0.00000;1.00000;0.00000
1.00000;0.95644;0.00001;0.00005;0.00001;0.04348
1.00000;0.00000;0.00000;0.00000;1.00000;0.00000
1.00000;0.24493;0.75297;0.00005;0.00201;0.00004
1.00000;0.00000;0.00000;0.00000;1.00000;0.00000
1.00000;0.13909;0.00013;0.71582;0.00004;0.14492
1.00000;0.99945;0.00000;0.00000;0.00000;0.00054
1.00000;0.00000;0.00000;0.00000;1.00000;0.00000
1.00000;0.28459;0.00013;0.54421;0.00005;0.17103
1.00000;0.99921;0.00076;0.00002;0.00000;0.00000
1.00000;0.00845;0.99151;0.00000;0.00005;0.00000
1.00000;0.82566;0.00002;0.00044;0.00000;0.17388
1.00000;0.30376;0.00012;0.18095;0.00004;0.51513
1.00000;0.03159;0.96364;0.00001;0.00476;0.00000
1.00000;0.00048;0.99952;0.00000;0.00000;0.00000
1.00000;0.26916;0.00023;0.42097;0.00084;0.30881
1.00000;0.00163;0.00004;0.99669;0.00000;0.00164
1.00000;0.99939;0.00000;0.00000;0.00000;0.00060
1.00000;0.19093;0.80901;0.00000;0.00006;0.00000
1.00000;0.06085;0.02073;0.85288;0.00015;0.06540
1.00000;0.00549;0.98880;0.00371;0.00187;0.00014
1.00000;0.99996;0.00000;0.00000;0.00000;0.00004
1.00000;0.34600;0.00032;0.44904;0.00068;0.20396
1.00000;0.34974;0.00017;0.13777;0.00016;0.51216
1.00000;0.26465;0.00029;0.43698;0.00006;0.29802
1.00000;0.00260;0.99740;0.00000;0.00000;0.00000
1.00000;0.25790;0.00004;0.38751;0.00001;0.35453
1.00000;0.20585;0.26792;0.30927;0.02310;0.19386
1.00000;0.00022;0.91689;0.08200;0.00087;0.00002
1.00000;0.00000;0.00000;0.00000;1.00000;0.00000
1.00000;0.00000;0.00000;0.00000;1.00000;0.00000
1.00000;0.22421;0.00052;0.18967;0.00048;0.58513
1.00000;0.12345;0.87644;0.00000;0.00011;0.00000
1.00000;0.00341;0.99659;0.00000;0.00000;0.00000
